Q = 
-0.11984756320491674053 0.23715872631505932611 0.07808723109307433297 0.06116852638790141322 0.15589161429029654848 0.13860707977089162246 -0.17332669750068774306 -0.11125842585679400487 -0.12280832783791086060 0.14839410752340018163 -0.08969314615422659120 0.15864761433812646363 -0.13734399755203580140 0.24252414659453466750 0.20730182997415083634 0.03763240856696352388 0.19073047982753107976 -0.15277029054230883975 0.14029866293080150985 0.22991405477095891441 -0.19432569493710707964 -0.03000495377334009423 0.02651721391149615761 -0.11862435481560613948 0.00709796812908402869 0.16634042326511397358 0.11080075007853580626 0.01899100300582228298 0.24834105738876782743 -0.04601500235532661465 0.11309218379983208835 0.28363894950245088777 -0.18280928236109561524 -0.04028283277401428081 -0.24431764709365655364 0.15896746085561211381 -0.15012704248763694692 0.17394142173147320030 -0.25181871325895222036 -0.14809725382480984357 
-0.18711438048284495528 -0.04716314241557655051 -0.19694392769187701875 -0.14883002368073822153 0.18418714343516812137 0.09827444168967504334 -0.02426411591916085089 -0.16533508224756032767 -0.07657105021250673604 0.07392777854022382356 -0.09231255535601760875 -0.10795034257362216834 -0.34944801573209161027 0.06940791615590102825 0.15606723214531115218 -0.00649400138460633908 -0.10327630407085312825 0.18923490650871496732 -0.15542478127794628895 -0.21468474109445270792 -0.19346515799036939631 0.09953646244257810527 -0.07826990880241302406 -0.10094344881415945325 -0.15049160912091874565 -0.17024957150807776274 -0.21250366627097239114 -0.06516605365877066458 0.14937458188689944905 0.01387420551902025442 -0.04953824446262962422 -0.15357168113257968489 -0.04743371871507591486 0.00053478942261061071 -0.26199890609369580474 -0.10869128385980664220 0.33892843811990397418 -0.25588636914224782704 0.04710536984296011948 -0.22859111373257534616 
-0.04001017207085876687 0.23630586789504040568 -0.12939723163971850184 -0.05585786356723240059 0.21347828531595078316 0.31412563331097076436 -0.14580825517673554059 0.21137337486308507839 0.23523874626966095880 -0.16217444677762218874 0.07344832481961492687 0.03934132766872424497 0.01034336555849094640 0.00077108293402810342 0.22126461207434242051 0.14435955531382921313 0.18924574352189452164 0.14734894027487016599 -0.11498526928549279713 -0.23559571544913532337 -0.22621836824963426071 0.02480945074773300424 -0.06481386999809068961 0.01083072330986534736 -0.02993669860456440318 0.13332012802598111612 -0.14171196904969893260 0.01524195790871857824 -0.00524139086965739846 -0.11018326431254085729 0.19723262009637737568 -0.07618984225978797653 0.09113037190648823338 -0.07230558821255109181 0.28312726320921693945 -0.03655567275124865789 -0.14764571844652230048 0.23729501842642322651 0.30214357456530066548 0.10664989222906791355 
-0.28389135727922187868 -0.14592379779822542418 0.17390319879352500454 -0.02598143129274200699 -0.10095033226720279140 0.10157456170823567221 -0.17787678740973814073 0.16290098473237912824 -0.14245462242185927271 -0.20397286431777986171 -0.17218094344264592288 0.14273428512076363761 0.24268101757761645354 -0.04907660260113859418 -0.10095425776679635421 -0.04089900090864559412 0.18891506729153426103 0.12138412984500966674 -0.16297382295298709631 0.23871347131454462298 -0.03879222794216483083 -0.06923346589958292996 0.25017149933640958626 0.17102405872662346242 -0.10409883287735474666 -0.28413396756848779967 -0.01236369461726508599 0.22779014805091879481 0.11930877554921784367 -0.18156233691481990511 -0.12588345805623912810 -0.04054947562530557964 -0.07562582089207386948 -0.19267283795227918564 -0.06338564633213614186 -0.22100080093937049530 0.03046079771687754123 0.07698778957198035289 0.13482806703014288408 -0.20564268312316605347 
-0.18856244448877187980 0.08061166077347470260 0.02312949634996881026 0.14501591839264438288 -0.15030730361492364300 -0.12264000488291550151 0.13910563671761944082 0.16575360790550514034 0.13955285485115626054 0.12459725539523265614 -0.04691379893653914446 -0.06845257208710482655 0.06632833296932312550 0.23899704505067090321 0.06725563620394697795 -0.00512042925752873284 -0.20463615895721920523 -0.03214491946126461080 0.26471020676675038885 -0.14332572243348160046 -0.01513741450584766765 -0.25943166317914045926 -0.27088511640382167966 -0.02447673777177347340 0.03854132251307763879 0.21042238765419149504 0.16112231865638840245 0.31835511311197395301 -0.02204797786915424149 -0.08767808823289602316 -0.08017206639157331560 -0.16399928940776123398 0.03512046009477922531 -0.26934766361037504323 -0.14193370594365795068 -0.06368237515132423032 0.28271340905379144237 0.19936840867926655663 0.16392669119401206967 -0.09917291914053646962 
-0.13147516904334669019 0.14709485461191237898 -0.19904492178910204725 -0.15938290004497382424 0.16537394275890235362 -0.33240147567408678819 -0.13298021641083426769 0.09388410004397217123 -0.17003188150461315264 -0.24491925718229240472 0.03220007543722573640 0.07142126564802979416 0.16962557643239381533 0.01896296423442795157 -0.07402618544783642895 -0.07125330406539090444 0.21902667672489722905 -0.14550385235547116936 0.03905979837734015192 -0.19108273481400631089 -0.06303513148663819621 -0.03403172823867063601 0.27638241694062887222 0.00073528611547024885 0.10790848400275199204 0.27776659783639268131 0.19765291496221779055 -0.20762030507930695489 0.07249327000734770432 0.22905723858130688786 -0.06636018832587270433 0.03531582260883794899 -0.09310883708760205046 -0.06998916181561960770 -0.07456574056341104539 -0.06851975063919836517 0.29547826813394101331 -0.12668630771379971178 0.11230240680460597258 0.18481616612674933720 
-0.01424808993401775054 0.10111440336055042832 -0.25605680848208767220 0.11005959982450150281 -0.03385057249181521594 0.02961372688984524257 -0.24707988604883673878 -0.01050197962655463786 -0.24703490411686906958 0.15572987031557897208 -0.31110439487213797927 -0.03835593571698542315 -0.03370158857436005018 -0.07530395954934054892 -0.24022901113513112081 0.28273402996059326941 -0.02628737146681638104 0.13151008377134254523 0.23048437910923780247 -0.00589457248720275887 0.18048374123481453202 -0.00530501181272688676 0.11439807526475860577 -0.16966279674505471697 -0.02187962600957167950 -0.08147337545980722073 -0.11008282427864370112 -0.26054856016037042377 -0.35568379063242461235 -0.16594411203446929326 0.01218416134161114453 0.09509001548188385222 0.06940225272725417116 -0.14535521534440523639 0.02434764890246843977 0.15707009768176724562 0.11647957871635808424 0.20591971067989828237 0.11492323005915038026 -0.06601894798913583717 
-0.17426564081924519889 -0.01498536656727781496 0.08862707647220258167 0.07616116501349538825 0.03503850605792951239 -0.20822786983765492752 -0.17118410547883475270 -0.28944227311442261019 0.11365459229159767529 -0.00640014515759476134 -0.33163140068741253641 0.20003042708289311968 -0.10626050182787601106 0.10924472373901911171 -0.14238541054098263761 -0.15011081799837050488 -0.12120585818233381437 0.00465117770829842191 0.09967211432689883355 -0.23700477154491728093 -0.01212054522608016494 0.27118718249839462997 0.01460493603753331912 0.15662934145026738419 0.47607170296050604907 -0.01897636366138751723 -0.14452857942251293166 0.14233530455505447043 0.01446450379508582539 0.06348037292180271074 0.12557535340228256904 -0.06231858961513739303 -0.09496198027948912768 0.03171029557848820124 0.18821248654515690402 -0.12125814876020681032 -0.17358206518143315389 0.04668186889179473664 0.03904628223771366979 -0.06179619394092962514 
-0.11058306884452477614 0.29740581639161373095 0.00190090761441773378 0.10327853151423671552 0.09416332712123851034 0.09810622249341524603 0.32225206161530417504 0.00454602875972662766 -0.06823177985151002156 0.07770372659955618322 -0.06263144806604412085 0.10750367249763782829 -0.08429607264051458548 -0.26484031270602187425 0.14104783049925595506 0.16908943748484500658 -0.27423563973581938091 0.12319791328017734577 0.19855130496067660562 -0.01980556059142184536 0.28143658182700104220 -0.06235275766238868728 0.38478538704170206497 0.05224818685503070798 -0.04868372628898815641 -0.02596564865768297842 -0.00440991593918984084 0.10677212100163989417 0.25758729962726095719 0.06405851899918756087 0.12756460346520523408 0.02672243072540369038 0.02849188694082571000 0.00061159558941844519 -0.10086607488900191376 -0.24812133023310914415 -0.12032607376118287235 -0.09190732870395722232 0.08472656355648014448 0.21388234267383382514 
-0.00056677343024483815 0.25613789372133666244 -0.14058198973700949952 -0.18591087294715469280 -0.35819652742846602722 0.07988207998740771976 -0.19188871347727312622 -0.19377349746356462012 -0.00093403143990913222 -0.15341282048413837358 -0.04010793629938133598 -0.14944565751002131249 -0.07281619097425572062 0.06942312909318107406 0.12378685298655690838 -0.15799744764817247322 -0.20868078205907969469 -0.04950669772652648709 -0.30969490670084970363 0.05563938913990276042 0.09083976957429164278 -0.06418655585873045410 0.19391893924146555439 -0.15178004261308464251 -0.13304892000916895833 0.15633723710457791967 0.02023294465232436390 0.29098781415604701994 -0.35024950225034712226 0.14079150043827751149 0.13855356139531502246 0.06926628062220689663 -0.13190857114018461616 -0.01901960371527396457 0.03151059226565544602 -0.15937476880232409604 -0.00362713020081607091 0.04783134049990616504 -0.12086548112214055839 0.01796731469616935292 
-0.03681713862823599720 0.00352197568721394167 -0.35033697184925033374 -0.04914905537288540016 0.11797741442316779514 -0.06870793512810323411 0.16559228382977608796 -0.29277863204466514357 0.22552946191117889674 0.25489860629720378915 -0.19837289752672901399 0.01714874690131745760 0.00220280334571859712 -0.01834379882144907686 -0.04698862529872808308 0.00626885916325015374 0.37807287012385104585 -0.19255607113365730276 -0.15096980123390604800 0.25463228566074674886 0.12813042968406512800 -0.02180894290793266438 -0.09008658529436328055 0.05126358115834925983 -0.06650529455871900808 0.10265081927310808207 -0.06128717973377183909 0.07506797960445033002 -0.01213205843145080155 0.09116492379278787195 -0.21770655840565683592 -0.02153066115911162967 0.31179826110192188082 -0.14679595046370588762 -0.03118500356036437229 -0.25594553428976313247 -0.11997354882507256513 0.03690934965888074959 0.07390800476147209308 0.03479945613632378504 
-0.04947518375909091409 0.27661864877688130404 -0.03813056587584084944 0.16053578957426239970 -0.25551392075191997622 -0.26429363139929729076 0.08048761413195135161 -0.14159774122013732423 -0.01904007365379862746 -0.30174706410967161441 0.12943334528395347705 -0.20984324864744724470 -0.16217291511959705530 0.18377732454675591023 0.12096617838038901949 0.00025406235756164972 0.12279734896696577195 0.17076236703270508688 0.17815151869945128338 0.16140691259478215369 -0.22509700523774889280 0.07919873670952437550 0.02332003126477730920 -0.05367650747487029417 0.08996656689824478192 -0.20799405877925378205 -0.04474130026156734885 -0.10367330835495575103 0.01812901578930734697 -0.28839323591520277246 -0.26069899964345455423 0.05080414054582424455 0.14952830598699459741 0.18028625508334431005 -0.00042889800211122519 -0.17017647687189549344 -0.04861608243261210383 0.05508516878161300728 0.02200138340440302084 0.18704251643720068432 
-0.21745609787965097803 0.10934439091263217780 0.19926748569356639296 -0.01956897866005779391 0.06504230871548047355 -0.21806683170354260182 -0.23352015835478462380 -0.02496634234314129216 -0.06837433579072224599 0.35381666090985547379 0.18370135223185168893 -0.04005285757686705833 -0.06226539817341233268 -0.02786231726642885917 0.04342063009686199931 -0.15749769511857669713 0.05295943467150542733 0.13356222438479092851 -0.01904327012935830982 0.01836024659593636990 0.03021444622399305224 -0.08800127104299851344 -0.01384613875736136028 -0.06129769359621094899 -0.13661125304785415313 -0.08812597446121389622 0.08288603047469417229 -0.05333360326348993846 0.05235812358523243143 -0.12433842301738376457 0.15584937602057372108 -0.07518019949319812434 0.18535497459036259782 -0.32957622820458498669 0.43546160535369404787 -0.07778962102518180433 0.06877462244299302474 -0.19216178938915490226 -0.27761449821832906437 0.14681727483047313232 
-0.22138738971241547770 0.01004014197441698529 0.26573157258992319285 -0.10090288563605075145 -0.08539190041644180440 0.12567180974450734010 0.12595752520066105795 0.01689636376764263107 0.32626399399212513419 -0.13003092245142083838 -0.11627056763361472147 0.01468670586871728516 -0.25752537038955464199 -0.10730377571420120220 -0.20014727319222491708 0.00602653268273644314 0.04116507590797535698 -0.14127135007970528791 0.09676688312256566393 0.28040670501698400363 -0.08118911655415868289 -0.04968452704159004307 0.04721809930639130765 0.14572604338154096504 -0.04351685871954347890 0.16231170969714603380 -0.03610284049490611324 -0.32571219341092466637 -0.11580366798320407273 -0.02408976788692559351 0.32956817926768527949 -0.09781237749398045966 0.07366549711213198071 0.14070964683292164210 -0.01168803414360714346 -0.11214610662796410667 0.34102372508519723793 0.07897424482386221356 -0.07328218459556036513 -0.00441777193466004990 
-0.23331217468034431972 -0.19356927978435406468 -0.00511258936456686092 -0.11119550496625463243 -0.19551762336539596498 0.09934173326731347842 -0.08407585953162857728 0.04357506331003777739 0.04620534988258367948 -0.06340413929288533923 -0.24660822419758252066 -0.04352477545235804851 -0.06697607993850718255 0.10543953917638537732 0.01735699469166703326 0.09077462009849893154 -0.10658150707797758860 -0.28773795945281738229 -0.01143789812631549468 -0.24913789053270804508 0.18222089907836644396 -0.21284091215661810059 -0.04770410022366278202 -0.13004009376447311919 -0.19047385888972251378 0.06845186250800830430 -0.06706226659791675315 -0.15356062443990481370 0.34896532467673546662 -0.11911810231813778349 -0.29122436441875337865 0.18647485372604966081 -0.03830454357615439148 0.20525309186714718601 0.31191028087594091511 -0.02809558934172171410 -0.07188440425617917406 0.03091058346743795135 -0.05276975161541602732 0.12810971046386310235 
-0.05163541482266356675 -0.03963824322493463004 -0.06903594098527984779 0.37443412012334542638 -0.06416950572279772613 0.15520066163652959657 -0.23066284103530973471 0.06331969509315917011 0.16640288704317962587 0.07472328424610918951 -0.11331250087134708826 -0.02571931931868013874 -0.13857668251101887269 -0.04781912577436985001 0.30897666530116496553 -0.17060906377505705156 -0.06833690006452294852 -0.12738024589174321011 -0.12082145359214055413 0.08059800262443012064 0.01436868889107924610 -0.14867521162279434543 0.10758729138019504368 0.05691791129622280482 0.15973979848594496711 -0.14833767030939476461 0.38256873512231348577 -0.32422196453280477391 -0.10038747404146336484 0.08958217281773095397 -0.12002197327509360469 -0.26383157618696001512 -0.05361244639043492854 -0.02729726698310568772 -0.05938596063712691525 0.06022144230150327376 -0.14472350737297579037 -0.15186185423120765470 0.19234640904549860085 0.02303856080474320916 
-0.17825240939431208353 -0.03574668762310787007 -0.15662701574326715059 -0.17495665702956544885 0.07184562794693875876 -0.15605546438309997326 0.10008325443779289565 -0.20970673790244626078 0.10310585435289129630 -0.09201373576523123876 -0.10286300213233885714 -0.14209022165700360696 0.14456563126055585466 0.03369629433031590127 0.21620013233154986021 0.24053860887978364969 0.00605643924043634471 0.01127281601231632825 0.18923770946177936869 0.31602347700205307701 0.01059975231494001031 -0.02717798379642759679 -0.05099525701910179176 0.09084436339741332189 -0.09602542342206109305 -0.17698468231038547160 0.06525142127176726536 0.14349721029897760660 0.00866509343530451684 0.09185748411759395160 0.13376689759749127440 -0.10497335176893334008 -0.33418112551044276692 0.03722173912768969584 0.30265270795777726720 0.37731552009163421557 0.06836609254193219687 -0.14159498123007938086 0.16959144181877477964 0.03020365223361217571 
-0.08976357094144839233 0.08332451229831379369 0.11817698127894089855 0.21563589819226713917 -0.22994557563115713972 0.03002417348170008035 0.02740146980952121517 -0.29730872897199861482 -0.02305222158755623751 0.20950227459580877953 0.27272590841417765350 0.04988966066514214509 0.13707732795218280364 -0.14688060007081868430 -0.12792038533260513544 -0.15613342374096020326 0.19029620564692065199 -0.13929550824178985047 -0.01830868216606915122 -0.08137110107411690829 -0.00216571197237221342 0.02458981201320936325 0.11730742731731698403 -0.26418435501217268913 -0.13631771134347528407 0.09144692554251492023 -0.30445482811037405391 -0.04644330152054634148 0.13091626318086274638 -0.02913173580363045967 0.00762511683645077272 -0.31520824570441041690 -0.28364240928528466901 0.06352612384007313984 -0.04465549561818672047 0.13135364047151082412 0.02818574499156384014 0.12593196654723048944 0.26528582033308262256 0.05019396272861919445 
-0.04415319349742137522 0.10731653723991431415 -0.13256824040530715281 0.03867092918859611067 -0.20360562809803744999 0.03739957624774997019 0.13722734707668277077 0.06045745162488557617 0.12158634069285528811 0.21103629296354872724 0.06495721414365289437 -0.16027739267440940796 0.20999518587538235082 0.01720981001389729551 -0.12754789538953351102 0.25852005966131447190 -0.21981874260751602113 -0.20016749832170296908 -0.02425705423144482870 -0.07280490787751021931 -0.46165901357991578902 0.24537790394852510012 0.25195065841188701850 0.21395004322589453172 -0.05870684155622674788 0.02500138912103896244 -0.00453519213482518092 -0.15606295134316602868 0.02918391773695741542 0.04470540309831037146 -0.11047821707804460212 0.03275629204538154510 -0.06508323709417318526 -0.21785331399724788826 0.12253459610846650918 -0.06130074279468260279 -0.11690893781797449813 -0.08330615901632577869 -0.15716402249667557611 -0.21949482400908468249 
-0.09880217147500726382 0.01135030609020798616 -0.02763561021963459666 0.18793410693720510873 -0.13470853538998014964 0.12148897290165470986 -0.14289536448816256287 -0.03410075440239739020 0.06375290128668639755 -0.28296918304713336578 0.08065829849997052658 -0.06191214108047848885 -0.25153234094273352328 -0.16512897499167364379 -0.14946613828001839575 0.10549849305865538485 0.25380332499026225790 -0.04957140192121160110 0.24446745118322213419 -0.16995752476034167722 0.07083946723893157216 0.07676414055727094621 0.09535111552796257661 0.01914830814587962365 -0.12484295501214157098 0.13524986547819858873 0.08261422558436135044 0.32602469601957961842 0.03643246740018654672 0.10381428070781326123 -0.05962634082749312253 -0.09855626915544775379 0.29469774658833886027 -0.04324992619756610340 0.00924888258066679410 0.28033748636041944113 -0.07537618784391417193 -0.31048961083060472310 -0.11280174007615159648 -0.22493149709883888954 
-0.07973941196141512422 0.07323710999469688898 -0.28299859075870098524 0.19867251961017101669 -0.03338159766617538465 0.11735793731406773954 -0.01867398395329116292 -0.16429997608333163361 0.10990001015614196678 -0.02164137669521971202 0.07849586115896509120 0.44092082196422088813 0.04483701854439093443 -0.08356614841697576623 -0.28028318887329844999 -0.16679036018352214055 -0.10594737253003157218 0.17710608532749083643 0.07310268077099603412 -0.06126938246116189063 -0.26780840783653325765 -0.22111906264928771204 -0.20609885144057596418 0.10310053198179405798 -0.25323067414963612576 -0.20763004442082300116 0.16040070181387411363 0.03713088845598330745 -0.03619582820457498823 0.16240658431358181990 -0.02119220393291614338 0.23509075610005267243 -0.06217801325823921893 0.12504979500153276528 0.05928958544584477658 -0.00594580268411437195 0.08631949974543268178 0.01602941164871316340 -0.06174091329205162043 0.14236320072304703421 
-0.22138276673911483350 -0.07444363850252025405 -0.10066210837167856307 0.19164943812563792203 0.14524655068556924231 0.09283488740987026755 -0.02830575909683747879 0.11614576337369994508 -0.03144531091010099172 0.11185853148951216407 0.23177820570266435829 -0.13465895923120316247 0.09779111395747475122 0.38608521033244697085 -0.08150285512735074012 0.11221007938982127672 0.07619790909744600382 0.19458227246737738736 0.01393542583063986373 0.07156013022445621707 0.10937317048998955460 -0.33230894514522535399 0.18053041833923147430 0.07160139489146297165 0.15838372370719144833 0.05586016076816698733 -0.25496475215549707638 0.00258445173024202850 -0.11575083218629719783 0.28254625596787030783 -0.01637876037090418846 -0.11002535715776652625 -0.00099298415597503403 0.33169778098627827889 0.08504450298427553012 -0.11185177327033636596 -0.04023982014791142175 -0.01206655499204271377 -0.18124313192174631992 -0.13808218873996550013 
-0.02938390328788081582 0.21674334664995051347 0.09744477106991207560 0.00221763695149010268 -0.12994239193458634318 0.30353766951010979769 0.12686160242029154155 -0.07243713218820856115 -0.03011299690479540478 -0.01990274606951535422 -0.29003420082740200003 0.06941136833456722222 0.43262150250740077917 -0.13984797183087890882 0.12830604920209154329 -0.04347724723460776736 0.05290737294171193872 0.15094616391060652894 -0.03417753700611748241 0.05025741470629471741 -0.09799200139200159310 -0.04980253128040562638 -0.14332156737848938954 -0.26290962823225511036 0.35340935762254210850 0.10611988849097352128 -0.08970137047856296952 -0.03954500248877460683 0.00773157761979019822 0.00465658515510088654 -0.10629668950608403555 0.00666185034671947299 0.15714488112910274253 0.05248505512166343201 0.08528678818829889263 0.07760450357727823045 0.18573755057938634572 -0.32925229104938491531 -0.15789088941672693722 -0.01367178076642897380 
-0.21451697816397061191 0.00943866135277135303 0.05298597661384089191 -0.02020279363276822338 0.25298042085576483151 -0.04498146527962507135 0.26581177144392403866 0.09796471043750480667 0.17711992840453905096 -0.16319709388475794887 0.04953559391207948415 0.21984963298857851388 -0.00543032960983981950 -0.09538756319278611506 0.20582155115892167285 -0.08989048375307948091 0.05669146136412860776 -0.16002297459601674823 0.10702707048701007309 -0.16013532104916400334 0.08145424827285764613 0.08366293250321991948 0.10514267427034516833 -0.25381604834215076849 -0.06185009638931397713 -0.22246903509575544078 -0.09823330076722588955 -0.02955018272972706472 -0.39913836178727185588 -0.00497245399585174736 -0.26573579074958353363 -0.06228466990782318552 -0.15398782925527915166 -0.13005594502951925429 0.02443891117269779076 0.02245452575851999630 -0.04159782322302961466 0.14726244157361323417 -0.33392992276303479215 -0.08174086397488285194 
-0.28779500255965156930 -0.19431421680946309172 -0.09262002023194995659 -0.05816237556898910116 0.20117476647545595725 0.00770315517102141464 0.10758600938718340667 -0.01757918197303277169 -0.00738935609240339280 0.08493956536235976185 0.01549514368979558812 -0.18340825127831184016 -0.00793855879919616939 -0.21536148346636660444 -0.11217959677821311149 -0.25289898268129257231 -0.15877996263165608526 0.31472627652143175814 -0.02666840288066345266 0.12663794928256127958 -0.11635989092584939075 0.17158064822958460360 0.13997642217534755904 -0.19109575739912484926 -0.00187790788662310073 0.36575875640542182543 0.31696505615602871275 0.05104593678521707895 -0.01587940517262906651 -0.17591748172461671440 -0.14964807854116027319 0.04210782368742959497 0.02424524624888416136 0.21587229429817336723 0.09228350042011056187 0.08156738675554721374 -0.12666974104564007741 0.15523563974360138351 0.07213282753498646838 -0.10429294709897950211 
-0.11356377334262515721 -0.00638583268516661456 -0.02293062626885638416 0.13776551417530061294 0.06840375178299855363 -0.00392304422859312066 -0.01398314414392464768 -0.08464914627835019856 0.03838836460596385669 0.08774086968290427391 -0.13486792045881534907 -0.20309482684397983654 0.14210145726638681585 -0.05068311708075968341 0.00663368272866783019 0.14061392647898782182 0.07372933852155370837 -0.07215310632405687319 -0.29378103886015921598 -0.22700943997458239432 -0.02960755925102795394 0.07287391195583689529 0.13174231327475535713 0.15906673118215169938 0.04717237958939886344 -0.19492998891022789154 0.15339698887335734279 0.19315369604753834798 0.05427763743546370340 -0.10526802879382739231 0.09603089848860235644 -0.12066644639739954048 0.15363729480665341831 0.19663183860440566764 -0.18305959612910921441 0.24411570631632797945 0.22559128235675987573 0.29637780975957378482 -0.31116116772666857493 0.34233154183610292609 
-0.22413193812572751451 0.00270845820108415666 0.02802733773341730197 -0.02874034325834459377 -0.25032645842702117012 -0.21497386667379045355 0.15390347955693561843 0.23194184998228639660 -0.00695484127034828436 -0.02950406003432238036 -0.13876097034674014785 0.18201862063583681972 0.00232757082090010153 0.22752676788756756587 0.01037824395977447745 -0.03954874834431600789 -0.05881383860042732614 0.18162249424187174029 -0.18819368556331261821 0.06284567584599670687 -0.00558669378285855250 0.18230935463644432071 -0.00670651730667834803 -0.21345966240511302092 -0.15394446316045093393 -0.06926379413249529604 -0.05650254995544155140 -0.14748900984842930328 0.11075478318915829568 0.40588858458851961863 0.14628925639682763271 -0.04296762314454035531 0.30972914994374250997 -0.06717606972602067905 -0.09634278966075672523 0.28950778353585338021 -0.18317099970873779169 0.11243566678393698832 0.07718284409731564211 0.03086495273366159087 
-0.16694713114288381450 -0.05068218678375007585 0.11605644557978049558 -0.15323919674613145636 -0.02705157250937648486 -0.15416896706212104839 -0.12827848966910618267 -0.20022939605498740745 -0.04843761213927586656 -0.06979391297482319401 -0.06795856005209663375 -0.24702458748468072991 0.23999236459264566834 -0.30625247163416929874 0.16642069645878818096 -0.04681214334763558749 0.00402316643857774693 0.09142898122542958417 0.18825422488994753012 -0.19885722457786958461 -0.11586320817633299907 -0.29693580249408269012 -0.17533888812468101381 0.19808458179828464241 -0.13426922231443239042 0.04096034055562309401 -0.11441397408967186877 -0.19106175651644996538 -0.10106406421297990661 0.10675728176640969513 0.10066997163859824072 0.00007992192492568064 0.08298036051822203774 -0.00106510143200130793 -0.29470926590694340730 -0.04977683683113799662 -0.36086055406677541857 0.07488956858399156702 -0.06948290978120942596 -0.06762696422287081677 
-0.23489729870214628993 -0.08100868436409142115 0.08664391936555596030 -0.11471338592321031480 -0.22457572355137586650 -0.13594046515641045048 -0.07789542425999849973 0.04606278652237974502 0.22951122728496825554 0.26335551768318954391 0.20998104875183479234 0.23560185428219890258 -0.09896186329879742838 -0.09344701615573265674 0.18149383244070066423 0.22783349109091782791 0.08878332123731698389 0.14397543986968391883 -0.16000815609223803526 -0.06419039328481784823 0.06420163164190768879 0.00562544454989191353 0.06038344376613610787 0.16956323778983795059 0.16148735568120572981 0.11875188072897534253 -0.09991381666538122486 0.05180928690127626496 -0.21489163838104244353 -0.14894797507226961719 -0.12900157678686405283 0.38229367376671880008 -0.05283262429012986622 0.06370753472461977707 -0.18392697281095080064 0.16049613949994656625 0.05573939697991181497 -0.19487080781470050850 0.15044068987688896666 0.08029061205184635786 
-0.06629516033835776423 0.29439170594012298299 -0.07874862385985845203 0.14131631996627158632 0.11041042446005118471 -0.21218801848677376620 0.07100989961036859033 0.38993393901917000610 -0.15642271794135961804 0.11049840637669783305 -0.17761137377847377450 -0.12796259544282589937 -0.10048454869118531030 -0.19910289434004366238 -0.02721830346759434791 -0.31230416148702100365 -0.00691164962293660829 -0.30053451917788193137 -0.11231237965218510144 0.06281994843800951800 -0.12233913548345573541 -0.10751223599496904926 -0.07618430229525308128 0.13388102791797845681 -0.04554244512225526925 -0.06158589444093562348 -0.28174515951360867838 0.16592470710479184648 -0.07546152636658880197 -0.08113930042355267658 0.05358133723112318975 0.14298714729255446176 0.00955259877248977422 0.24053246832087707419 0.07320888290696815626 0.15363052565433485408 -0.01998623497512889979 -0.13148925770511352140 0.11471782967236342221 -0.11196406161396563195 
-0.02611292162747901047 0.34429192278306469666 0.14343533096526756010 0.15309823159652075075 0.04814425786630434356 -0.15011089016814085917 -0.16998311008859379179 0.08796506491092413726 0.24968855584731483588 0.01124927476799134941 -0.00044951481715407990 -0.15664821846553489415 0.12415278242438118617 -0.14136868718311371151 -0.06940905281031511942 0.17794073083318082129 0.08288601504363768413 0.13254726094300914307 -0.13450359382949850229 -0.02288126941178044230 0.30675219132149522672 0.25310361469348979790 -0.27741911185792528238 -0.06951684651821751770 -0.12408894314259902303 -0.06480965165081349622 0.19263160652465766143 -0.08208041207027697017 0.11738666587574207723 0.17958644474747217923 -0.06924555407085616898 0.11007387850138243557 -0.20258119489425852056 0.18584857633200527194 -0.00305538204882353261 -0.20120641242336020915 0.07721323929205958780 0.05951080620309660840 -0.01726017230667221264 -0.28483637916048681893 
-0.10662547662220453470 -0.09697828560909108053 -0.31296017654881191916 0.03170061897896325059 -0.29601145180206406282 0.13940350268538037604 0.23328477455089990933 0.19345355976414591037 -0.12531499248727803741 0.07641894081094316449 -0.08145189986638343149 -0.05422774232032074454 0.02088130782032113567 0.08957095253999140805 0.07170034172863787303 -0.22425870793503113743 0.34796738631012175125 0.13878347956992712064 0.12638934648238950298 -0.15239323489982414817 0.19887169219327680003 0.23440492296105164272 -0.13644130838652157589 0.18634963473671964374 -0.03501074774272753404 0.05103466979851806196 0.09185799868296576354 -0.09230223035810874999 -0.02619417871201034156 -0.16324097946952401128 0.26802351267370838617 -0.01570867005929774476 -0.27813323242358506393 -0.01342102526181741633 -0.02670032644439494091 -0.11237082716500293444 -0.07368242112351315598 -0.09382308393910830657 -0.17516618564819866344 0.05466107750047174280 
-0.20275563957984288344 -0.08231502469003026956 0.09656564216015352253 0.08603214120089555661 -0.00418322643423698140 0.20352405893785899260 0.25074483429003047164 -0.14155532785138591478 -0.14628402722189215446 -0.06569808810145796873 0.17430737672671162142 -0.32850553430800544241 -0.12309030299275018627 -0.07228241980022473423 -0.05601186805967767190 -0.05797240710720204943 0.11769255539075346162 -0.10498394997818610852 -0.09882923447714098142 -0.10085106334869375910 0.01770700449081501898 -0.06544579452819219989 -0.06090905590252893714 -0.05982108152284642405 0.28107672672132955061 -0.22553894315175609941 0.07991028597323722449 -0.02578712241713946793 0.00876396502093308022 0.25472435427003520259 0.10340971977923030245 0.44501659929427817008 0.01450913563244137644 -0.26357704847858698383 0.11663202101521377707 0.00670662029130577458 0.07981226488563178401 0.14092311290863299145 0.20163259635458308239 -0.05117708312393909331 
-0.20942619830605962994 0.20842842127946489827 0.24184347519418983308 0.01825847286097156269 0.12965297154818181125 0.11143589501557951693 0.15475366168763118879 -0.07083836114948514895 -0.32325651931490240187 -0.09123295393645591833 -0.05379610422038917650 0.01781416495369196953 -0.13791771123886006900 0.13803535775353376058 -0.27088679224650474842 0.22101688481070955183 -0.03254002943899061973 0.00498610008386920350 -0.25385249908219170711 -0.00039904781259041122 0.00067379639808287650 0.00727493725064018524 -0.27945349683151798903 0.16781405163041879236 -0.06850228844308979548 0.16543336495664373587 0.09562530800762289451 -0.03420003269279569408 -0.22200624581981959205 -0.03608613600139837230 -0.20102118813017483268 -0.19673720024971297349 -0.17492685205662628078 -0.09066856038011110452 -0.03633159927868025163 0.05280006551180012331 -0.22202429325888678457 -0.15609810946447877367 0.03061500910565214534 0.24064442389902448993 
-0.09013713417227714464 0.15108203928564814533 -0.12168252070101678863 -0.21379931312792349596 -0.08701637584696811367 0.20345335768424988032 -0.18965709969941385582 0.08433227611647625688 -0.11154539098998489388 0.02487058217456897605 0.18689370062196755673 -0.00405319226658876208 -0.08368452262442303835 -0.16892537423851983203 0.08233127053398198170 -0.17545328253823844200 -0.14867560111981026338 0.01852007669374464149 0.14087954816534475899 0.19886977635018648902 0.15583250185145433586 0.19145514174207414748 -0.14468421620599755673 0.34163340036695949431 0.15316624861942679248 0.02529330694494485998 -0.18405379986881215126 -0.03365140756884363316 0.15174852271937075421 0.21505153432456536322 -0.34386334754463981911 -0.11989513654078115534 0.02035404408309285720 -0.09265568857686845572 0.02396622327959731583 0.15433120652106796511 0.13018411701640081324 0.28202697173520285823 -0.11982168222229722110 0.09855441899717946874 
-0.10862379373364622337 0.30836037620061740316 -0.10432860810760724579 -0.40945557236116497668 0.04308820706283551100 0.12112584433269463213 0.01769587277726113531 -0.05100004376034587145 0.18181512781880693197 0.02038358402598845764 0.19370617987327362619 -0.00107071337400941290 0.13112462122957407873 0.20921843971623257930 -0.28214905731310213621 -0.16230169528153223779 -0.08156095461682567882 -0.11399143214238821598 0.01415184119239301652 -0.08754581450412635135 0.21909816487191069445 -0.10078452008634111725 0.04350862918184732198 -0.01335324651883903861 0.13761055411681311078 -0.27258884319256937445 0.15499284906125776473 -0.08846562132843624471 0.06143283705663636629 -0.28224949878140026538 0.08386042680107810843 -0.05705119965228577783 0.13109631905532895257 0.05729220673663883850 -0.16562101836771792041 0.16747806199699513674 -0.16620850090392449983 -0.10429121942776337084 0.08916402070449991335 -0.16811512996328495384 
-0.21536840334286094789 -0.12165173681120669547 -0.05795314442079693706 -0.17591826021514991862 -0.07090730667914801888 0.08507002930970153365 -0.19806406569528300921 0.20390336578192411188 -0.12691053600897156395 0.15981522464106079351 0.11377396815055770829 0.00970065392131320980 0.01055203211117027723 -0.13681309821999926291 -0.05780317645710506685 0.20996978151895609455 0.00429396698296227730 -0.27060585166324957473 0.20366204708165522308 0.10026251777959052647 -0.18271405883155514283 0.17595004489644358592 -0.18960132336136709119 -0.32980499298608406678 0.13019393063426118462 -0.18921001698400768953 0.11045118670051709553 0.19066029856236577089 -0.10573186319126756660 0.12813674655113771461 0.10413595685680078484 -0.11167661062044770270 0.04079417493877882800 0.20864599124665975105 -0.10597635252617348955 -0.28712388363586033302 -0.10602790727691402406 -0.07133488739413181012 0.05291151298188353364 0.21550668725238150691 
-0.04929854619456698617 -0.01967199154747805920 -0.30212210667528843766 0.02284395937218411041 -0.13542435842162503512 -0.22990443805547863820 0.09595889473162930172 0.00745326090634798686 -0.13009105409721599678 -0.16428072540633376075 0.15202644028409187382 0.20483733134873358117 -0.15079829571183914205 -0.30123336801213090874 -0.00482171575526741357 0.25838741093616929279 -0.04982485877958864329 -0.01905166036278980665 -0.28708140189046965629 0.06195922924919843727 0.00908638080559166610 -0.25958524147742301214 -0.14562980369082029197 -0.09011097408076713944 0.29829975151843179937 0.05218392870170353304 0.03648899207246013299 -0.05892088690969406878 0.18425184312092621197 -0.15137684724435679362 0.14991038973033479764 -0.19521978193601452478 -0.06204561987908532861 -0.05379112813057758402 0.06770517228534625453 -0.00728100174466680700 -0.06389956919318127981 0.13174150223418804040 -0.20336729870904268758 -0.24828042710045689079 
-0.21286687407694529495 -0.07791888281361444846 -0.06163943445390845238 0.24299101953119864317 0.08940953624907245489 0.03107768984512477087 -0.03834729801795631887 -0.20164629421579952084 -0.23808886454121916398 -0.15573396380779808146 0.21169783923002868931 0.18186826580114012764 0.26307438101875230130 0.11037986856944187464 0.25698487719240420413 0.01372657705166439868 -0.22119251473149778575 -0.27030963315488371057 -0.04357770314843498194 0.05242735834990128185 0.16880181613569292254 0.27031548822793544096 -0.11545503533265893958 0.14142855476643534374 -0.14865387884536143681 0.10315429080875593293 -0.00641026682550723675 -0.09508566703660410735 -0.10097369382460585907 -0.16113096082792821573 0.15759833739368325767 0.08067157769999507011 0.29901589448239690450 0.10977947962882782240 0.03953503620622316611 -0.07376794281670558118 0.11534140209200909044 -0.03627451752499574744 0.09871724862249058041 -0.15663251579117704049 
-0.13160766047400102030 -0.12392426666160305526 -0.16911796460241798612 0.25105205231284305478 0.15488104336613095491 -0.00611116898292632729 -0.16302210985366444307 0.09201011878564802071 0.29780136218379488211 -0.22779593988468219146 0.05015378226469511397 -0.19420540123289667389 0.10943723461802080943 -0.00334201058679330087 -0.18341313797270533681 -0.05323613506038769178 -0.20443740863632300919 0.00127525938153386087 -0.05038186816744827379 0.19689094443699767245 0.07993649516269223099 0.06171592522079374227 -0.09613715744944462127 -0.15544950742319291193 0.05241282352172890735 0.07621897948776401588 -0.29096969541173850482 -0.00774348430440898426 0.12166846225480892896 -0.12509683962977174998 0.10068179119826081713 0.13501946086858940266 -0.13245880881139249219 -0.31016725542228773538 -0.23949083065997944786 0.03808314540428928141 -0.07715145983775753558 -0.18273738848913975708 -0.11695732842515804695 0.28804792455716116129 

R = 
-3.44792797155261032671 -2.40075416402688368578 -2.96577897291707914817 -2.81896685032634231050 -2.54298911902389113138 -3.13669088231081927276 -3.11561638685640795998 -2.84842846533752602767 -2.71183978933104485876 -2.69711396437034256479 -2.26722960194826050895 -2.93061115208971578738 -2.91027201390793122115 -2.42376209847436596689 -2.79817471682220064721 -2.73826778746640098205 -2.56081947046169311477 -2.72202065490217570698 -2.31835985514402054264 -3.05396082804560675683 -3.37340456853293124695 -2.44860676840289936962 -2.68217802224660495369 -2.88262530339729394768 -2.93902258204518673779 -2.83140920291641684514 -2.74812527653213312107 -2.83517559981374800415 -2.55029532035314909777 -2.60678658904467752677 -2.93258577728839675558 -2.81052168353370701581 -2.58004195188044338494 -2.72871334524952491307 -2.69834267592725085549 -2.35879453654229997994 -2.35991049321688350915 -2.22895008122675886142 -2.00544779909213888303 -1.89966597079060628417 
0.00000000000000000000 2.37323913352547766209 0.87295444376560094035 1.52868466987569484594 1.15774258030134769015 1.31472306378315484388 0.81755088768426897872 1.76603587534194894637 1.24315675764446309515 1.18550034224388989301 1.43348716536382947417 0.89555464538057760748 1.10837750066608253796 1.22951283248847187402 1.22118636168280092491 1.13223366318879348213 1.33818326342238314020 1.71406316833142513545 1.42821069684515911113 1.23467627805647306438 1.10649629139203176109 1.33653139924821018347 1.18695060760098369812 0.90392378923220007003 0.80198474986807144482 1.13658051913014879197 1.19697917410349741196 0.40329425866838541914 0.88172612242611625444 1.13994662576280259003 0.89172617483917415715 0.81466772123377861892 1.03781536494690684869 1.22996222099607943612 1.28346950562465056400 1.36774052724785355473 0.87211506277833117373 1.13296754441425462367 1.20930703319128696194 0.96516911823798334780 
