Q = 
0.11984756320491676829 0.23715872631505921508 -0.07808723109307438848 0.06116852638790166302 -0.15589161429029649297 0.13860707977089173348 0.17332669750068765979 0.11125842585679439345 -0.12280832783791105489 0.14839410752340029265 0.08969314615422656345 -0.15864761433812635261 -0.13734399755203549609 -0.24252414659453477852 0.20730182997415083634 0.03763240856696342673 0.19073047982753105201 0.15277029054230895078 -0.14029866293080159312 -0.22991405477095894216 0.19432569493710744046 -0.03000495377334016361 -0.02651721391149646639 0.11862435481560609785 0.00709796812908428110 -0.16634042326511361276 -0.11080075007853588953 -0.01899100300582264728 -0.24834105738876779967 -0.04601500235532645505 0.11309218379983217162 0.28363894950245066573 0.18280928236109614260 0.04028283277401367712 0.24431764709365444421 -0.15896746085561269668 -0.15012704248763475423 0.17394142173147172925 0.25181871325895704983 0.14809725382480432021 
0.18711438048284492752 -0.04716314241557650888 0.19694392769187701875 -0.14883002368073852684 -0.18418714343516826015 0.09827444168967491844 0.02426411591916089600 0.16533508224755999461 -0.07657105021250670829 0.07392777854022369866 0.09231255535601760875 0.10795034257362222385 -0.34944801573209177681 -0.06940791615590112540 0.15606723214531115218 -0.00649400138460610662 -0.10327630407085312825 -0.18923490650871466201 0.15542478127794617793 0.21468474109445298548 0.19346515799036942407 0.09953646244257814690 0.07826990880241331550 0.10094344881415988346 -0.15049160912091896769 0.17024957150807801254 0.21250366627097244665 0.06516605365877098377 -0.14937458188689947680 0.01387420551901994044 -0.04953824446262952014 -0.15357168113257946285 0.04743371871507606058 -0.00053478942261083059 0.26199890609369547168 0.10869128385980598994 0.33892843811990441827 -0.25588636914224727192 -0.04710536984296080643 0.22859111373257706701 
0.04001017207085876687 0.23630586789504040568 0.12939723163971861286 -0.05585786356723231733 -0.21347828531595078316 0.31412563331097098640 0.14580825517673576264 -0.21137337486308510615 0.23523874626966098655 -0.16217444677762210548 -0.07344832481961482973 -0.03934132766872416170 0.01034336555849107650 -0.00077108293402816175 0.22126461207434236500 0.14435955531382901884 0.18924574352189466042 -0.14734894027487027701 0.11498526928549279713 0.23559571544913515684 0.22621836824963464929 0.02480945074773293485 0.06481386999809068961 -0.01083072330986520164 -0.02993669860456399379 -0.13332012802598089407 0.14171196904969901587 -0.01524195790871872395 0.00524139086965725535 -0.11018326431254034381 0.19723262009637745895 -0.07618984225978761571 -0.09113037190648802521 0.07230558821255111956 -0.28312726320921716150 0.03655567275124835952 -0.14764571844652180088 0.23729501842642322651 -0.30214357456529833401 -0.10664989222907039768 
0.28389135727922187868 -0.14592379779822545194 -0.17390319879352500454 -0.02598143129274204516 0.10095033226720283304 0.10157456170823560282 0.17787678740973808522 -0.16290098473237923926 -0.14245462242185924495 -0.20397286431778002824 0.17218094344264578410 -0.14273428512076363761 0.24268101757761648130 0.04907660260113871215 -0.10095425776679649299 -0.04089900090864558024 0.18891506729153426103 -0.12138412984500962510 0.16297382295298692978 -0.23871347131454440094 0.03879222794216481002 -0.06923346589958301323 -0.25017149933640936421 -0.17102405872662329589 -0.10409883287735459401 0.28413396756848835478 0.01236369461726509467 -0.22779014805091862828 -0.11930877554921820449 -0.18156233691482004389 -0.12588345805623921136 -0.04054947562530575311 0.07562582089207370295 0.19267283795227937993 0.06338564633213600308 0.22100080093937002346 0.03046079771687748919 0.07698778957198025574 -0.13482806703014285632 0.20564268312316946741 
0.18856244448877185205 0.08061166077347474423 -0.02312949634996877904 0.14501591839264429962 0.15030730361492378178 -0.12264000488291547375 -0.13910563671761957960 -0.16575360790550511259 0.13955285485115648259 0.12459725539523268389 0.04691379893653915140 0.06845257208710485430 0.06632833296932330591 -0.23899704505067087545 0.06725563620394689468 -0.00512042925752879963 -0.20463615895721923299 0.03214491946126495775 -0.26471020676675049987 0.14332572243348173924 0.01513741450584788102 -0.25943166317914045926 0.27088511640382195722 0.02447673777177348381 0.03854132251307756940 -0.21042238765419124524 -0.16112231865638856898 -0.31835511311197373097 0.02204797786915425883 -0.08767808823289653664 -0.08017206639157312131 -0.16399928940776109521 -0.03512046009477938491 0.26934766361037476567 0.14193370594365697923 0.06368237515132363358 0.28271340905379227504 0.19936840867926627907 -0.16392669119400929412 0.09917291914053458224 
0.13147516904334669019 0.14709485461191240674 0.19904492178910213052 -0.15938290004497385199 -0.16537394275890238138 -0.33240147567408678819 0.13298021641083435096 -0.09388410004397222675 -0.17003188150461323591 -0.24491925718229240472 -0.03220007543722569476 -0.07142126564802982192 0.16962557643239389860 -0.01896296423442809034 -0.07402618544783641508 -0.07125330406539105710 0.21902667672489736783 0.14550385235547150242 -0.03905979837734026294 0.19108273481400636640 0.06303513148663832111 -0.03403172823867084418 -0.27638241694062876119 -0.00073528611546977104 0.10790848400275192265 -0.27776659783639245926 -0.19765291496221804035 0.20762030507930684387 -0.07249327000734752391 0.22905723858130672133 -0.06636018832587273208 0.03531582260883844165 0.09310883708760238353 0.06998916181561942729 0.07456574056341015722 0.06851975063919811537 0.29547826813394301171 -0.12668630771380015587 -0.11230240680460391867 -0.18481616612675469402 
0.01424808993401775054 0.10111440336055044220 0.25605680848208772771 0.11005959982450151668 0.03385057249181517430 0.02961372688984520440 0.24707988604883682204 0.01050197962655466562 -0.24703490411686934713 0.15572987031557911086 0.31110439487213809029 0.03835593571698544396 -0.03370158857435991834 0.07530395954934054892 -0.24022901113513112081 0.28273402996059321390 -0.02628737146681642267 -0.13151008377134265626 -0.23048437910923763594 0.00589457248720273372 -0.18048374123481425446 -0.00530501181272692492 -0.11439807526475868904 0.16966279674505488351 -0.02187962600957140194 0.08147337545980752604 0.11008282427864388153 0.26054856016037009070 0.35568379063242455684 -0.16594411203446896019 0.01218416134161133708 0.09509001548188433794 -0.06940225272725392136 0.14535521534440534741 -0.02434764890246861671 -0.15707009768176699582 0.11647957871635845895 0.20591971067989886524 -0.11492323005914945044 0.06601894798913528206 
0.17426564081924519889 -0.01498536656727783231 -0.08862707647220255391 0.07616116501349534662 -0.03503850605792951239 -0.20822786983765489977 0.17118410547883472494 0.28944227311442255468 0.11365459229159784182 -0.00640014515759487236 0.33163140068741231437 -0.20003042708289309193 -0.10626050182787609433 -0.10924472373901916722 -0.14238541054098274863 -0.15011081799837036610 -0.12120585818233350905 -0.00465117770829816431 -0.09967211432689895845 0.23700477154491733645 0.01212054522608010422 0.27118718249839451895 -0.01460493603753323585 -0.15662934145026746746 0.47607170296050577152 0.01897636366138807928 0.14452857942251307044 -0.14233530455505413737 -0.01446450379508576814 0.06348037292180266911 0.12557535340228226373 -0.06231858961513711548 0.09496198027948936360 -0.03171029557848807634 -0.18821248654515743137 0.12125814876020667155 -0.17358206518143268204 0.04668186889179420929 -0.03904628223771300366 0.06179619394093021495 
0.11058306884452476226 0.29740581639161378646 -0.00190090761441770385 0.10327853151423674327 -0.09416332712123846871 0.09810622249341521828 -0.32225206161530439708 -0.00454602875972662246 -0.06823177985151010483 0.07770372659955609995 0.06263144806604395431 -0.10750367249763777278 -0.08429607264051455773 0.26484031270602192976 0.14104783049925598282 0.16908943748484511760 -0.27423563973581926989 -0.12319791328017710985 -0.19855130496067693868 0.01980556059142183842 -0.28143658182700093118 -0.06235275766238876360 -0.38478538704170239804 -0.05224818685503079124 -0.04868372628898823273 0.02596564865768290903 0.00440991593918987988 -0.10677212100163988029 -0.25758729962726067964 0.06405851899918750536 0.12756460346520495652 0.02672243072540370079 -0.02849188694082565795 -0.00061159558941860316 0.10086607488900102558 0.24812133023310872781 -0.12032607376118123477 -0.09190732870395840193 -0.08472656355647836812 -0.21388234267383601783 
0.00056677343024483815 0.25613789372133666244 0.14058198973700952727 -0.18591087294715469280 0.35819652742846613824 0.07988207998740785853 0.19188871347727320948 0.19377349746356467564 -0.00093403143990923208 -0.15341282048413834582 0.04010793629938137067 0.14944565751002145126 -0.07281619097425558185 -0.06942312909318128222 0.12378685298655695002 -0.15799744764817263976 -0.20868078205907980571 0.04950669772652645240 0.30969490670084959261 -0.05563938913990278817 -0.09083976957429164278 -0.06418655585873048186 -0.19391893924146560990 0.15178004261308480904 -0.13304892000916887507 -0.15633723710457780864 -0.02023294465232440553 -0.29098781415604729750 0.35024950225034695572 0.14079150043827759475 0.13855356139531488369 0.06926628062220695214 0.13190857114018450513 0.01901960371527379109 -0.03151059226565591787 0.15937476880232423482 -0.00362713020081544121 0.04783134049990560299 0.12086548112214084982 -0.01796731469617102867 
0.03681713862823599026 0.00352197568721395078 0.35033697184925038925 -0.04914905537288539322 -0.11797741442316785065 -0.06870793512810316472 -0.16559228382977603244 0.29277863204466525460 0.22552946191117886898 0.25489860629720395568 0.19837289752672893073 -0.01714874690131741250 0.00220280334571875975 0.01834379882144901094 -0.04698862529872800675 0.00626885916324995771 0.37807287012385115688 0.19255607113365721950 0.15096980123390604800 -0.25463228566074674886 -0.12813042968406498923 -0.02180894290793261928 0.09008658529436332218 -0.05126358115834908635 -0.06650529455871911910 -0.10265081927310808207 0.06128717973377195011 -0.07506797960445030227 0.01213205843145100972 0.09116492379278770541 -0.21770655840565672490 -0.02153066115911141110 -0.31179826110192193633 0.14679595046370602640 0.03118500356036425433 0.25594553428976268838 -0.11997354882507087204 0.03690934965887966712 -0.07390800476147017795 -0.03479945613632549895 
0.04947518375909090715 0.27661864877688135955 0.03813056587584087720 0.16053578957426234419 0.25551392075192008724 -0.26429363139929734627 -0.08048761413195136549 0.14159774122013729647 -0.01904007365379864827 -0.30174706410967166992 -0.12943334528395358807 0.20984324864744732797 -0.16217291511959705530 -0.18377732454675599350 0.12096617838038900561 0.00025406235756177819 0.12279734896696607727 -0.17076236703270500361 -0.17815151869945122787 -0.16140691259478201491 0.22509700523774936465 0.07919873670952429223 -0.02332003126477716695 0.05367650747487019008 0.08996656689824492070 0.20799405877925439268 0.04474130026156736967 0.10367330835495554286 -0.01812901578930751004 -0.28839323591520310552 -0.26069899964345438770 0.05080414054582432087 -0.14952830598699445863 -0.18028625508334403249 0.00042889800211034590 0.17017647687189543793 -0.04861608243261177076 0.05508516878161332647 -0.02200138340440210144 -0.18704251643720232190 
0.21745609787965097803 0.10934439091263221944 -0.19926748569356636520 -0.01956897866005786329 -0.06504230871548041804 -0.21806683170354268508 0.23352015835478462380 0.02496634234314118808 -0.06837433579072219048 0.35381666090985530726 -0.18370135223185171669 0.04005285757686714160 -0.06226539817341249228 0.02786231726642895978 0.04342063009686182584 -0.15749769511857655835 0.05295943467150556611 -0.13356222438479078973 0.01904327012935812941 -0.01836024659593649133 -0.03021444622399332633 -0.08800127104299892977 0.01384613875736145742 0.06129769359621106001 -0.13661125304785440293 0.08812597446121385458 -0.08288603047469418617 0.05333360326349025765 -0.05235812358523247306 -0.12433842301738458336 0.15584937602057355455 -0.07518019949319784678 -0.18535497459036248680 0.32957622820458520874 -0.43546160535369460298 0.07778962102518036104 0.06877462244299310801 -0.19216178938915579044 0.27761449821832906437 -0.14681727483047649074 
0.22138738971241547770 0.01004014197441696274 -0.26573157258992313734 -0.10090288563605079308 0.08539190041644183216 0.12567180974450728459 -0.12595752520066125224 -0.01689636376764260331 0.32626399399212524521 -0.13003092245142103267 0.11627056763361473535 -0.01468670586871722271 -0.25752537038955464199 0.10730377571420125771 -0.20014727319222513913 0.00602653268273660534 0.04116507590797537780 0.14127135007970570424 -0.09676688312256573332 -0.28040670501698405914 0.08118911655415882167 -0.04968452704159028593 -0.04721809930639116887 -0.14572604338154074299 -0.04351685871954377727 -0.16231170969714586727 0.03610284049490635611 0.32571219341092488841 0.11580366798320430866 -0.02408976788692633250 0.32956817926768522398 -0.09781237749397997394 -0.07366549711213207785 -0.14070964683292147557 0.01168803414360628824 0.11214610662796335727 0.34102372508519818162 0.07897424482386140865 0.07328218459556111453 0.00441777193465892146 
0.23331217468034429197 -0.19356927978435400917 0.00511258936456686353 -0.11119550496625468794 0.19551762336539602050 0.09934173326731346454 0.08407585953162856340 -0.04357506331003784678 0.04620534988258386683 -0.06340413929288545025 0.24660822419758249291 0.04352477545235804851 -0.06697607993850723807 -0.10543953917638529405 0.01735699469166676265 0.09077462009849929236 -0.10658150707797725554 0.28773795945281732678 0.01143789812631528131 0.24913789053270765650 -0.18222089907836691580 -0.21284091215661823937 0.04770410022366296937 0.13004009376447314694 -0.19047385888972276358 -0.06845186250800866512 0.06706226659791690581 0.15356062443990503574 -0.34896532467673535560 -0.11911810231813857452 -0.29122436441875310109 0.18647485372604954978 0.03830454357615447475 -0.20525309186714676968 -0.31191028087593991591 0.02809558934172116246 -0.07188440425618074225 0.03091058346743839544 0.05276975161541289788 -0.12810971046386035455 
0.05163541482266355981 -0.03963824322493462310 0.06903594098527984779 0.37443412012334542638 0.06416950572279775389 0.15520066163652951330 0.23066284103530987348 -0.06331969509315915623 0.16640288704317965363 0.07472328424610914788 0.11331250087134712989 0.02571931931868011098 -0.13857668251101903922 0.04781912577436995410 0.30897666530116496553 -0.17060906377505699605 -0.06833690006452310117 0.12738024589174321011 0.12082145359214055413 -0.08059800262442995411 -0.01436868889107944386 -0.14867521162279434543 -0.10758729138019509919 -0.05691791129622286727 0.15973979848594505038 0.14833767030939490339 -0.38256873512231354129 0.32422196453280510697 0.10038747404146328157 0.08958217281773031559 -0.12002197327509386837 -0.26383157618696012614 0.05361244639043431098 0.02729726698310602426 0.05938596063712774792 -0.06022144230150312805 -0.14472350737297781653 -0.15186185423120712734 -0.19234640904550043272 -0.02303856080473870235 
0.17825240939431208353 -0.03574668762310787701 0.15662701574326715059 -0.17495665702956544885 -0.07184562794693878651 -0.15605546438310002877 -0.10008325443779290953 0.20970673790244623302 0.10310585435289139344 -0.09201373576523126652 0.10286300213233884326 0.14209022165700371798 0.14456563126055604895 -0.03369629433031591514 0.21620013233154991572 0.24053860887978364969 0.00605643924043617471 -0.01127281601231634213 -0.18923770946177945196 -0.31602347700205291048 -0.01059975231494024797 -0.02717798379642746842 0.05099525701910198605 -0.09084436339741346067 -0.09602542342206134285 0.17698468231038555487 -0.06525142127176720985 -0.14349721029897716251 -0.00866509343530402418 0.09185748411759385446 0.13376689759749113562 -0.10497335176893331232 0.33418112551044254488 -0.03722173912768952930 -0.30265270795777721169 -0.37731552009163465966 0.06836609254193262708 -0.14159498123008040782 -0.16959144181877364166 -0.03020365223361507964 
0.08976357094144837845 0.08332451229831380757 -0.11817698127894089855 0.21563589819226713917 0.22994557563115716747 0.03002417348170008729 -0.02740146980952127068 0.29730872897199855931 -0.02305222158755612996 0.20950227459580869627 -0.27272590841417776453 -0.04988966066514210346 0.13707732795218283139 0.14688060007081885083 -0.12792038533260527422 -0.15613342374096017551 0.19029620564692070750 0.13929550824178979496 0.01830868216606901244 0.08137110107411679727 0.00216571197237209415 0.02458981201320922794 -0.11730742731731684525 0.26418435501217274464 -0.13631771134347536734 -0.09144692554251494798 0.30445482811037394288 0.04644330152054632760 -0.13091626318086263536 -0.02913173580363060539 0.00762511683645082650 -0.31520824570441052792 0.28364240928528450247 -0.06352612384007305657 0.04465549561818654700 -0.13135364047151137923 0.02818574499156356258 0.12593196654723018413 -0.26528582033308251154 -0.05019396272861776503 
0.04415319349742137522 0.10731653723991431415 0.13256824040530720832 0.03867092918859612455 0.20360562809803744999 0.03739957624775001876 -0.13722734707668285403 -0.06045745162488552066 0.12158634069285530199 0.21103629296354886602 -0.06495721414365293600 0.16027739267440949122 0.20999518587538237857 -0.01720981001389727469 -0.12754789538953351102 0.25852005966131441639 -0.21981874260751596561 0.20016749832170316337 0.02425705423144497441 0.07280490787751035808 0.46165901357991595555 0.24537790394852504461 -0.25195065841188696298 -0.21395004322589436518 -0.05870684155622691441 -0.02500138912103881672 0.00453519213482522256 0.15606295134316586215 -0.02918391773695739461 0.04470540309831001757 -0.11047821707804465763 0.03275629204538155204 0.06508323709417328240 0.21785331399724763846 -0.12253459610846742511 0.06130074279468226972 -0.11690893781797279116 -0.08330615901632677789 0.15716402249667796309 0.21949482400908149060 
0.09880217147500724995 0.01135030609020800697 0.02763561021963462441 0.18793410693720505322 0.13470853538998020515 0.12148897290165469598 0.14289536448816259062 0.03410075440239739020 0.06375290128668642531 -0.28296918304713336578 -0.08065829849997047107 0.06191214108047849579 -0.25153234094273363430 0.16512897499167375481 -0.14946613828001847901 0.10549849305865545424 0.25380332499026259097 0.04957140192121175376 -0.24446745118322232848 0.16995752476034139966 -0.07083946723893164155 0.07676414055727082131 -0.09535111552796249335 -0.01914830814587977284 -0.12484295501214154323 -0.13524986547819906058 -0.08261422558436133656 -0.32602469601957906331 -0.03643246740018667162 0.10381428070781260897 -0.05962634082749328907 -0.09855626915544749012 -0.29469774658833897130 0.04324992619756656137 -0.00924888258066655297 -0.28033748636041994073 -0.07537618784391446336 -0.31048961083060461208 0.11280174007615036136 0.22493149709884230347 
0.07973941196141511034 0.07323710999469690286 0.28299859075870104075 0.19867251961017098894 0.03338159766617541241 0.11735793731406768403 0.01867398395329122884 0.16429997608333168913 0.10990001015614202229 -0.02164137669521966692 -0.07849586115896503569 -0.44092082196422083262 0.04483701854439094830 0.08356614841697589113 -0.28028318887329844999 -0.16679036018352214055 -0.10594737253003168320 -0.17710608532749094746 -0.07310268077099622841 0.06126938246116180042 0.26780840783653314663 -0.22111906264928810062 0.20609885144057593642 -0.10310053198179409961 -0.25323067414963629229 0.20763004442082283463 -0.16040070181387419690 -0.03713088845598318949 0.03619582820457490496 0.16240658431358159786 -0.02119220393291650767 0.23509075610005272794 0.06217801325823922587 -0.12504979500153265426 -0.05928958544584543577 0.00594580268411363990 0.08631949974543269566 0.01602941164871261870 0.06174091329205164819 -0.14236320072304892159 
0.22138276673911480574 -0.07444363850252026793 0.10066210837167861858 0.19164943812563792203 -0.14524655068556924231 0.09283488740987021204 0.02830575909683749267 -0.11614576337369987569 -0.03144531091010091539 0.11185853148951205305 -0.23177820570266452482 0.13465895923120324573 0.09779111395747472346 -0.38608521033244674880 -0.08150285512735078175 0.11221007938982144325 0.07619790909744611485 -0.19458227246737722083 -0.01393542583063999384 -0.07156013022445602278 -0.10937317048998952684 -0.33230894514522557603 -0.18053041833923139103 -0.07160139489146284675 0.15838372370719136506 -0.05586016076816685549 0.25496475215549740945 -0.00258445173024171495 0.11575083218629710069 0.28254625596787003028 -0.01637876037090462214 -0.11002535715776681768 0.00099298415597471050 -0.33169778098627794582 -0.08504450298427591870 0.11185177327033621331 -0.04023982014791113726 -0.01206655499204348919 0.18124313192174618115 0.13808218873996599974 
0.02938390328788081582 0.21674334664995054123 -0.09744477106991204785 0.00221763695149010181 0.12994239193458637094 0.30353766951010974218 -0.12686160242029159706 0.07243713218820851951 -0.03011299690479543947 -0.01990274606951543401 0.29003420082740205554 -0.06941136833456731936 0.43262150250740072366 0.13984797183087896433 0.12830604920209140452 -0.04347724723460773266 0.05290737294171178606 -0.15094616391060655669 0.03417753700611754486 -0.05025741470629457169 0.09799200139200159310 -0.04980253128040573046 0.14332156737848955608 0.26290962823225511036 0.35340935762254210850 -0.10611988849097332699 0.08970137047856313606 0.03954500248877461377 -0.00773157761979035869 0.00465658515510109991 -0.10629668950608422984 0.00666185034671978177 -0.15714488112910199313 -0.05248505512166360548 -0.08528678818830055797 -0.07760450357727850801 0.18573755057938867719 -0.32925229104938563696 0.15789088941672979605 0.01367178076642143296 
0.21451697816397061191 0.00943866135277135997 -0.05298597661384087110 -0.02020279363276825460 -0.25298042085576483151 -0.04498146527962508523 -0.26581177144392414968 -0.09796471043750479279 0.17711992840453916198 -0.16319709388475803213 -0.04953559391207954660 -0.21984963298857854164 -0.00543032960983987935 0.09538756319278623996 0.20582155115892153407 -0.08989048375307945316 0.05669146136412864245 0.16002297459601708129 -0.10702707048701018411 0.16013532104916386456 -0.08145424827285766001 0.08366293250321958641 -0.10514267427034504343 0.25381604834215132360 -0.06185009638931467102 0.22246903509575527425 0.09823330076722600057 0.02955018272972702309 0.39913836178727202242 -0.00497245399585198849 -0.26573579074958342261 -0.06228466990782292878 0.15398782925527931820 0.13005594502951919877 -0.02443891117269943875 -0.02245452575852081856 -0.04159782322302765095 0.14726244157361154108 0.33392992276303834487 0.08174086397487784206 
0.28779500255965156930 -0.19431421680946309172 0.09262002023194995659 -0.05816237556898915667 -0.20117476647545595725 0.00770315517102137040 -0.10758600938718342055 0.01757918197303277516 -0.00738935609240322800 0.08493956536235970634 -0.01549514368979568700 0.18340825127831192343 -0.00793855879919613990 0.21536148346636652118 -0.11217959677821326414 -0.25289898268129246128 -0.15877996263165619628 -0.31472627652143186916 0.02666840288066320633 -0.12663794928256127958 0.11635989092584919646 0.17158064822958449258 -0.13997642217534772557 0.19109575739912473824 -0.00187790788662260916 -0.36575875640542149236 -0.31696505615602871275 -0.05104593678521678057 0.01587940517262908038 -0.17591748172461701971 -0.14964807854116046748 0.04210782368742936599 -0.02424524624888439728 -0.21587229429817311743 -0.09228350042011017329 -0.08156738675554758844 -0.12666974104564118764 0.15523563974360135576 -0.07213282753498788391 0.10429294709898395688 
0.11356377334262515721 -0.00638583268516661716 0.02293062626885638763 0.13776551417530058519 -0.06840375178299855363 -0.00392304422859315535 0.01398314414392465115 0.08464914627835022631 0.03838836460596389138 0.08774086968290420452 0.13486792045881534907 0.20309482684397983654 0.14210145726638692687 0.05068311708075972505 0.00663368272866780330 0.14061392647898782182 0.07372933852155370837 0.07215310632405691482 0.29378103886015910495 0.22700943997458228329 0.02960755925102779088 0.07287391195583668713 -0.13174231327475557918 -0.15906673118215158835 0.04717237958939884956 0.19492998891022811359 -0.15339698887335756483 -0.19315369604753818145 -0.05427763743546352992 -0.10526802879382735068 0.09603089848860223154 -0.12066644639739987355 -0.15363729480665366811 -0.19663183860440591744 0.18305959612910932544 -0.24411570631632817374 0.22559128235675765528 0.29637780975957467300 0.31116116772666596590 -0.34233154183610348120 
0.22413193812572751451 0.00270845820108417444 -0.02802733773341730544 -0.02874034325834461459 0.25032645842702122563 -0.21497386667379050906 -0.15390347955693572946 -0.23194184998228639660 -0.00695484127034814558 -0.02950406003432246710 0.13876097034674006458 -0.18201862063583668094 0.00232757082090009242 -0.22752676788756756587 0.01037824395977434561 -0.03954874834431582054 -0.05881383860042717349 -0.18162249424187176805 0.18819368556331236841 -0.06284567584599667911 0.00558669378285839551 0.18230935463644404315 0.00670651730667840788 0.21345966240511299317 -0.15394446316045062861 0.06926379413249535155 0.05650254995544167630 0.14748900984842933104 -0.11075478318915842058 0.40588858458851956312 0.14628925639682749393 -0.04296762314454002224 -0.30972914994374212139 0.06717606972602094273 0.09634278966075660033 -0.28950778353585365776 -0.18317099970873818027 0.11243566678393689118 -0.07718284409731540618 -0.03086495273365962369 
0.16694713114288378675 -0.05068218678375006198 -0.11605644557978049558 -0.15323919674613148412 0.02705157250937650568 -0.15416896706212102064 0.12827848966910615491 0.20022939605498740745 -0.04843761213927584575 -0.06979391297482329115 0.06795856005209657824 0.24702458748468081318 0.23999236459264580712 0.30625247163416952079 0.16642069645878806994 -0.04681214334763564994 0.00402316643857756045 -0.09142898122542962580 -0.18825422488994758563 0.19885722457786950135 0.11586320817633301294 -0.29693580249408257909 0.17533888812468087504 -0.19808458179828439261 -0.13426922231443236266 -0.04096034055562280257 0.11441397408967203531 0.19106175651645002089 0.10106406421297985110 0.10675728176640980616 0.10066997163859812969 0.00007992192492596653 -0.08298036051822171855 0.00106510143200123811 0.29470926590694307423 0.04977683683113820479 -0.36086055406677430835 0.07488956858399117844 0.06948290978121096639 0.06762696422287170495 
0.23489729870214626217 -0.08100868436409139339 -0.08664391936555596030 -0.11471338592321037031 0.22457572355137594977 -0.13594046515641039496 0.07789542425999851361 -0.04606278652237973809 0.22951122728496850534 0.26335551768318937738 -0.20998104875183487561 -0.23560185428219887482 -0.09896186329879749777 0.09344701615573275388 0.18149383244070052545 0.22783349109091810547 0.08878332123731712267 -0.14397543986968366903 0.16000815609223784097 0.06419039328481791762 -0.06420163164190779981 0.00562544454989168628 -0.06038344376613596215 -0.16956323778983803385 0.16148735568120559103 -0.11875188072897530089 0.09991381666538140527 -0.05180928690127593189 0.21489163838104280435 -0.14894797507227058864 -0.12900157678686419160 0.38229367376671957723 0.05283262429012979683 -0.06370753472461919420 0.18392697281095160555 -0.16049613949994695483 0.05573939697991153047 -0.19487080781469973134 -0.15044068987689113159 -0.08029061205184145900 
0.06629516033835776423 0.29439170594012298299 0.07874862385985854918 0.14131631996627161407 -0.11041042446005114308 -0.21218801848677371069 -0.07100989961036861808 -0.38993393901916995059 -0.15642271794135961804 0.11049840637669786081 0.17761137377847369123 0.12796259544282584386 -0.10048454869118518540 0.19910289434004360687 -0.02721830346759432015 -0.31230416148702105916 -0.00691164962293650161 0.30053451917788215342 0.11231237965218510144 -0.06281994843800950412 0.12233913548345586031 -0.10751223599496920191 0.07618430229525315067 -0.13388102791797817925 -0.04554244512225557456 0.06158589444093574145 0.28174515951360867838 -0.16592470710479187423 0.07546152636658887136 -0.08113930042355257943 0.05358133723112310648 0.14298714729255479483 -0.00955259877248931105 -0.24053246832087740725 -0.07320888290696966894 -0.15363052565433577001 -0.01998623497512693262 -0.13148925770511465938 -0.11471782967235988338 0.11196406161396131596 
0.02611292162747900700 0.34429192278306469666 -0.14343533096526753234 0.15309823159652083402 -0.04814425786630430887 -0.15011089016814080366 0.16998311008859379179 -0.08796506491092410951 0.24968855584731491914 0.01124927476799127135 0.00044951481715408109 0.15664821846553486639 0.12415278242438122780 0.14136868718311368376 -0.06940905281031516105 0.17794073083318093231 0.08288601504363785066 -0.13254726094300911532 0.13450359382949844678 0.02288126941178036250 -0.30675219132149489365 0.25310361469348985342 0.27741911185792517136 0.06951684651821768424 -0.12408894314259898140 0.06480965165081331580 -0.19263160652465782796 0.08208041207027683139 -0.11738666587574220213 0.17958644474747206821 -0.06924555407085596082 0.11007387850138239394 0.20258119489425874260 -0.18584857633200554949 0.00305538204882153420 0.20120641242335995935 0.07721323929206209968 0.05951080620309550512 0.01726017230667710803 0.28483637916048176741 
0.10662547662220453470 -0.09697828560909108053 0.31296017654881197467 0.03170061897896322284 0.29601145180206400731 0.13940350268538043155 -0.23328477455089999260 -0.19345355976414577159 -0.12531499248727795415 0.07641894081094324775 0.08145189986638336210 0.05422774232032073760 0.02088130782032112526 -0.08957095253999138029 0.07170034172863788691 -0.22425870793503130396 0.34796738631012175125 -0.13878347956992725942 -0.12638934648238955849 0.15239323489982409265 -0.19887169219327668901 0.23440492296105167047 0.13644130838652140936 -0.18634963473671983802 -0.03501074774272757567 -0.05103466979851820073 -0.09185799868296574966 0.09230223035810895815 0.02619417871201072320 -0.16324097946952437210 0.26802351267370849719 -0.01570867005929766844 0.27813323242358495291 0.01342102526181744235 0.02670032644439553071 0.11237082716500293444 -0.07368242112351382211 -0.09382308393910800126 0.17516618564819647075 -0.05466107750046934194 
0.20275563957984288344 -0.08231502469003025568 -0.09656564216015350866 0.08603214120089550110 0.00418322643423696666 0.20352405893785890934 -0.25074483429003069368 0.14155532785138588703 -0.14628402722189201568 -0.06569808810145809364 -0.17430737672671167693 0.32850553430800560895 -0.12309030299275025566 0.07228241980022499791 -0.05601186805967766497 -0.05797240710720197310 0.11769255539075351713 0.10498394997818627505 0.09882923447714084264 0.10085106334869368971 -0.01770700449081514388 -0.06544579452819250520 0.06090905590252902735 0.05982108152284635466 0.28107672672132932856 0.22553894315175643248 -0.07991028597323732163 0.02578712241713953385 -0.00876396502093333175 0.25472435427003509156 0.10340971977923003877 0.44501659929427811457 -0.01450913563244101215 0.26357704847858703934 -0.11663202101521356890 -0.00670662029130587260 0.07981226488563039623 0.14092311290863335227 -0.20163259635458452568 0.05117708312394389503 
0.20942619830605962994 0.20842842127946492603 -0.24184347519418983308 0.01825847286097154881 -0.12965297154818175573 0.11143589501557939203 -0.15475366168763132757 0.07083836114948513507 -0.32325651931490229085 -0.09123295393645611262 0.05379610422038901690 -0.01781416495369188974 -0.13791771123885995798 -0.13803535775353364956 -0.27088679224650497046 0.22101688481070980163 -0.03254002943899039768 -0.00498610008386907687 0.25385249908219148507 0.00039904781259029467 -0.00067379639808293060 0.00727493725063986432 0.27945349683151798903 -0.16781405163041873685 -0.06850228844308992038 -0.16543336495664365260 -0.09562530800762307492 0.03420003269279574959 0.22200624581981959205 -0.03608613600139866373 -0.20102118813017477716 -0.19673720024971280695 0.17492685205662622527 0.09066856038011120167 0.03633159927867991162 -0.05280006551180041474 -0.22202429325888617395 -0.15609810946447910673 -0.03061500910565075409 -0.24064442389902648833 
0.09013713417227713076 0.15108203928564817309 0.12168252070101683027 -0.21379931312792346820 0.08701637584696815531 0.20345335768424988032 0.18965709969941396684 -0.08433227611647631239 -0.11154539098998496327 0.02487058217456903156 -0.18689370062196752897 0.00405319226658872479 -0.08368452262442312162 0.16892537423851972100 0.08233127053398194006 -0.17545328253823835873 -0.14867560111981004134 -0.01852007669374447496 -0.14087954816534487001 -0.19886977635018640576 -0.15583250185145441913 0.19145514174207414748 0.14468421620599747346 -0.34163340036695954982 0.15316624861942690350 -0.02529330694494474896 0.18405379986881234555 0.03365140756884398010 -0.15174852271937069870 0.21505153432456533547 -0.34386334754463970809 -0.11989513654078072513 -0.02035404408309261434 0.09265568857686855286 -0.02396622327959759685 -0.15433120652106815940 0.13018411701640117406 0.28202697173520319129 0.11982168222229648558 -0.09855441899717846954 
0.10862379373364620949 0.30836037620061740316 0.10432860810760731518 -0.40945557236116492117 -0.04308820706283542079 0.12112584433269464601 -0.01769587277726110408 0.05100004376034578818 0.18181512781880693197 0.02038358402598848540 -0.19370617987327368170 0.00107071337400951243 0.13112462122957418975 -0.20921843971623282910 -0.28214905731310219172 -0.16230169528153215452 -0.08156095461682549841 0.11399143214238845190 -0.01415184119239308765 0.08754581450412617094 -0.21909816487191055567 -0.10078452008634120052 -0.04350862918184734279 0.01335324651883953821 0.13761055411681305527 0.27258884319256976303 -0.15499284906125765371 0.08846562132843625859 -0.06143283705663640792 -0.28224949878140032089 0.08386042680107809455 -0.05705119965228504925 -0.13109631905532848073 -0.05729220673663893565 0.16562101836771686569 -0.16747806199699538654 -0.16620850090392169651 -0.10429121942776449494 -0.08916402070449583328 0.16811512996328198399 
0.21536840334286092014 -0.12165173681120670934 0.05795314442079699951 -0.17591826021514994638 0.07090730667914800500 0.08507002930970149202 0.19806406569528306472 -0.20390336578192419514 -0.12691053600897150844 0.15981522464106079351 -0.11377396815055772217 -0.00970065392131317511 0.01055203211117025121 0.13681309821999937393 -0.05780317645710514318 0.20996978151895628883 0.00429396698296237531 0.27060585166324946371 -0.20366204708165538961 -0.10026251777959060973 0.18271405883155489303 0.17595004489644336387 0.18960132336136731324 0.32980499298608412229 0.13019393063426087931 0.18921001698400780056 -0.11045118670051733145 -0.19066029856236538231 0.10573186319126756660 0.12813674655113752032 0.10413595685680057668 -0.11167661062044763332 -0.04079417493877929984 -0.20864599124665919594 0.10597635252617425283 0.28712388363586011097 -0.10602790727691627226 -0.07133488739413154645 -0.05291151298188710023 -0.21550668725237617784 
0.04929854619456697923 -0.01967199154747805573 0.30212210667528849317 0.02284395937218408959 0.13542435842162497961 -0.22990443805547855494 -0.09595889473162928784 -0.00745326090634798426 -0.13009105409721596902 -0.16428072540633370524 -0.15202644028409181831 -0.20483733134873352566 -0.15079829571183919756 0.30123336801213079772 -0.00482171575526733724 0.25838741093616918176 -0.04982485877958867104 0.01905166036278969216 0.28708140189046932322 -0.06195922924919847197 -0.00908638080559169385 -0.25958524147742306765 0.14562980369082020871 0.09011097408076704229 0.29829975151843179937 -0.05218392870170367182 -0.03648899207246007054 0.05892088690969366632 -0.18425184312092626748 -0.15137684724435671035 0.14991038973033504744 -0.19521978193601455254 0.06204561987908568943 0.05379112813057769504 -0.06770517228534637943 0.00728100174466670726 -0.06389956919318097450 0.13174150223418795713 0.20336729870904171613 0.24828042710045986063 
0.21286687407694529495 -0.07791888281361444846 0.06163943445390850789 0.24299101953119858766 -0.08940953624907244102 0.03107768984512470148 0.03834729801795630499 0.20164629421579949309 -0.23808886454121905296 -0.15573396380779816472 -0.21169783923002880033 -0.18186826580114007212 0.26307438101875224579 -0.11037986856944180525 0.25698487719240414862 0.01372657705166442470 -0.22119251473149786902 0.27030963315488387710 0.04357770314843511378 -0.05242735834990108063 -0.16880181613569286703 0.27031548822793527442 0.11545503533265917551 -0.14142855476643487189 -0.14865387884536160334 -0.10315429080875576640 0.00641026682550730094 0.09508566703660439878 0.10097369382460576193 -0.16113096082792852104 0.15759833739368309113 0.08067157769999523664 -0.29901589448239707103 -0.10977947962882765587 -0.03953503620622380449 0.07376794281670513709 0.11534140209200891003 -0.03627451752499553234 -0.09871724862248971999 0.15663251579117754009 
0.13160766047400099255 -0.12392426666160308302 0.16911796460241806939 0.25105205231284316580 -0.15488104336613103817 -0.00611116898292636893 0.16302210985366452634 -0.09201011878564799296 0.29780136218379488211 -0.22779593988468227472 -0.05015378226469504458 0.19420540123289664614 0.10943723461802065677 0.00334201058679342924 -0.18341313797270533681 -0.05323613506038758769 -0.20443740863632295368 -0.00127525938153391963 0.05038186816744805868 -0.19689094443699767245 -0.07993649516269227262 0.06171592522079372145 0.09613715744944453800 0.15544950742319285641 0.05241282352172909470 -0.07621897948776414078 0.29096969541173856033 0.00774348430440879084 -0.12166846225480905386 -0.12509683962977208305 0.10068179119826060897 0.13501946086858934715 0.13245880881139251994 0.31016725542228767987 0.23949083065998016950 -0.03808314540428921202 -0.07715145983775877070 -0.18273738848913909094 0.11695732842515600691 -0.28804792455715982902 

R = 
3.44792797155261077080 2.40075416402688324169 2.96577897291707870409 2.81896685032634319867 2.54298911902389113138 3.13669088231081971685 3.11561638685640795998 2.84842846533752647176 2.71183978933104397058 2.69711396437034300888 2.26722960194826095304 2.93061115208971489920 2.91027201390793122115 2.42376209847436552280 2.79817471682220153539 2.73826778746640098205 2.56081947046169355886 2.72202065490217437471 2.31835985514402054264 3.05396082804560675683 3.37340456853293213513 2.44860676840289936962 2.68217802224660406551 2.88262530339729305950 2.93902258204518718188 2.83140920291641595696 2.74812527653213223289 2.83517559981374756006 2.55029532035314909777 2.60678658904467797086 2.93258577728839675558 2.81052168353370612763 2.58004195188044294085 2.72871334524952446898 2.69834267592725085549 2.35879453654229997994 2.35991049321688262097 2.22895008122675797324 2.00544779909213888303 1.89966597079060628417 
0.00000000000000000000 2.37323913352547766209 0.87295444376560071831 1.52868466987569506799 1.15774258030134769015 1.31472306378315484388 0.81755088768426886769 1.76603587534194939046 1.24315675764446353924 1.18550034224389011506 1.43348716536382969622 0.89555464538057749646 1.10837750066608231592 1.22951283248847254015 1.22118636168280092491 1.13223366318879348213 1.33818326342238291815 1.71406316833142446932 1.42821069684515911113 1.23467627805647306438 1.10649629139203131700 1.33653139924821040552 1.18695060760098325403 0.90392378923219984799 0.80198474986807177789 1.13658051913014901402 1.19697917410349718992 0.40329425866838541914 0.88172612242611592137 1.13994662576280259003 0.89172617483917426817 0.81466772123377850789 1.03781536494690662664 1.22996222099607943612 1.28346950562465100809 1.36774052724785399882 0.87211506277833106271 1.13296754441425440163 1.20930703319128673989 0.96516911823798323677 
