Q = 
0.11984755098819732666 0.23715874552726745605 -0.07808722555637359619 0.06116853281855583191 -0.15589161217212677002 0.13860712945461273193 0.17332674562931060791 0.11125843226909637451 -0.12280829995870590210 0.14839415252208709717 0.08969319611787796021 -0.15864756703376770020 -0.13734401762485504150 -0.24252416193485260010 0.20730182528495788574 0.03763241320848464966 0.19073043763637542725 0.15277002751827239990 -0.14029863476753234863 -0.22991411387920379639 0.19432559609413146973 -0.03000500239431858063 -0.02651717141270637512 0.11862440407276153564 0.00709806382656097412 -0.16634047031402587891 -0.11080065369606018066 -0.01899099349975585938 -0.24834103882312774658 -0.04601490125060081482 0.11309210956096649170 0.28363886475563049316 0.18280930817127227783 0.04028291255235671997 0.24431793391704559326 -0.15896715223789215088 -0.15012724697589874268 0.17394192516803741455 0.25181785225868225098 0.14809863269329071045 
0.18711435794830322266 -0.04716309532523155212 0.19694398343563079834 -0.14882999658584594727 -0.18418714404106140137 0.09827447682619094849 0.02426416613161563873 0.16533504426479339600 -0.07657107710838317871 0.07392782717943191528 0.09231256693601608276 0.10795032978057861328 -0.34944799542427062988 -0.06940795481204986572 0.15606722235679626465 -0.00649407971650362015 -0.10327634215354919434 -0.18923500180244445801 0.15542486310005187988 0.21468473970890045166 0.19346515834331512451 0.09953642636537551880 0.07826984673738479614 0.10094363242387771606 -0.15049137175083160400 0.17024968564510345459 0.21250367164611816406 0.06516602635383605957 -0.14937481284141540527 0.01387420017272233963 -0.04953828826546669006 -0.15357150137424468994 0.04743368923664093018 -0.00053474819287657738 0.26199913024902343750 0.10869160294532775879 0.33892789483070373535 -0.25588572025299072266 -0.04710685461759567261 0.22859328985214233398 
0.04001016914844512939 0.23630589246749877930 0.12939721345901489258 -0.05585786700248718262 -0.21347828209400177002 0.31412565708160400391 0.14580830931663513184 -0.21137337386608123779 0.23523873090744018555 -0.16217441856861114502 -0.07344830036163330078 -0.03934134170413017273 0.01034339051693677902 -0.00077107636025175452 0.22126461565494537354 0.14435958862304687500 0.18924570083618164062 -0.14734913408756256104 0.11498528718948364258 0.23559558391571044922 0.22621838748455047607 0.02480933442711830139 0.06481378525495529175 -0.01083068735897541046 -0.02993653155863285065 -0.13332013785839080811 0.14171195030212402344 -0.01524204388260841370 0.00524134142324328423 -0.11018311232328414917 0.19723252952098846436 -0.07619010657072067261 -0.09113036096096038818 0.07230562716722488403 -0.28312700986862182617 0.03655583411455154419 -0.14764636754989624023 0.23729555308818817139 -0.30214482545852661133 -0.10664797574281692505 
0.28389132022857666016 -0.14592370390892028809 -0.17390315234661102295 -0.02598139643669128418 0.10095030814409255981 0.10157457739114761353 0.17787685990333557129 -0.16290096938610076904 -0.14245469868183135986 -0.20397278666496276855 0.17218099534511566162 -0.14273424446582794189 0.24268114566802978516 0.04907651245594024658 -0.10095425695180892944 -0.04089906066656112671 0.18891502916812896729 -0.12138412892818450928 0.16297380626201629639 -0.23871344327926635742 0.03879220783710479736 -0.06923355907201766968 -0.25017145276069641113 -0.17102380096912384033 -0.10409873723983764648 0.28413414955139160156 0.01236369926482439041 -0.22778998315334320068 -0.11930896341800689697 -0.18156233429908752441 -0.12588344514369964600 -0.04054939374327659607 0.07562561333179473877 0.19267286360263824463 0.06338565051555633545 0.22100073099136352539 0.03046084940433502197 0.07698746025562286377 -0.13482829928398132324 0.20564280450344085693 
0.18856242299079895020 0.08061170578002929688 -0.02312944270670413971 0.14501592516899108887 0.15030728280544281006 -0.12263997644186019897 -0.13910561800003051758 -0.16575357317924499512 0.13955277204513549805 0.12459737062454223633 0.04691388085484504700 0.06845261156558990479 0.06632836908102035522 -0.23899707198143005371 0.06725566834211349487 -0.00512048602104187012 -0.20463620126247406006 0.03214482590556144714 -0.26471009850502014160 0.14332574605941772461 0.01513741537928581238 -0.25943171977996826172 0.27088502049446105957 0.02447690628468990326 0.03854137659072875977 -0.21042235195636749268 -0.16112233698368072510 -0.31835505366325378418 0.02204786241054534912 -0.08767823129892349243 -0.08017209172248840332 -0.16399911046028137207 -0.03512049838900566101 0.26934769749641418457 0.14193366467952728271 0.06368237733840942383 0.28271365165710449219 0.19936832785606384277 -0.16392681002616882324 0.09917340427637100220 
0.13147516548633575439 0.14709489047527313232 0.19904492795467376709 -0.15938287973403930664 -0.16537392139434814453 -0.33240145444869995117 0.13298027217388153076 -0.09388411045074462891 -0.17003192007541656494 -0.24491922557353973389 -0.03220007941126823425 -0.07142122089862823486 0.16962555050849914551 -0.01896301843225955963 -0.07402619719505310059 -0.07125334441661834717 0.21902664005756378174 0.14550368487834930420 -0.03905976936221122742 0.19108270108699798584 0.06303510814905166626 -0.03403177857398986816 -0.27638232707977294922 -0.00073517550481483340 0.10790862888097763062 -0.27776652574539184570 -0.19765287637710571289 0.20762033760547637939 -0.07249339669942855835 0.22905723750591278076 -0.06636027991771697998 0.03531592339277267456 0.09310872107744216919 0.06998927891254425049 0.07456596940755844116 0.06851989030838012695 0.29547804594039916992 -0.12668593227863311768 -0.11230334639549255371 -0.18481534719467163086 
0.01424808800220489502 0.10111440718173980713 0.25605681538581848145 0.11005956679582595825 0.03385059535503387451 0.02961372584104537964 0.24707995355129241943 0.01050195656716823578 -0.24703487753868103027 0.15572987496852874756 0.31110447645187377930 0.03835588321089744568 -0.03370166197419166565 0.07530400902032852173 -0.24022898077964782715 0.28273403644561767578 -0.02628739550709724426 -0.13151039183139801025 -0.23048429191112518311 0.00589444581419229507 -0.18048398196697235107 -0.00530506484210491180 -0.11439798027276992798 0.16966260969638824463 -0.02187962830066680908 0.08147323876619338989 0.11008284240961074829 0.26054874062538146973 0.35568371415138244629 -0.16594421863555908203 0.01218405552208423615 0.09508986771106719971 -0.06940242648124694824 0.14535540342330932617 -0.02434721030294895172 -0.15707017481327056885 0.11647881567478179932 0.20592001080513000488 -0.11492450535297393799 0.06602128595113754272 
0.17426560819149017334 -0.01498530339449644089 -0.08862701803445816040 0.07616119831800460815 -0.03503852710127830505 -0.20822782814502716064 0.17118415236473083496 0.28944224119186401367 0.11365460604429244995 -0.00640012044459581375 0.33163139224052429199 -0.20003041625022888184 -0.10626054555177688599 -0.10924477875232696533 -0.14238542318344116211 -0.15011084079742431641 -0.12120578438043594360 -0.00465129222720861435 -0.09967208653688430786 0.23700480163097381592 0.01212046388536691666 0.27118721604347229004 -0.01460482925176620483 -0.15662927925586700439 0.47607180476188659668 0.01897634379565715790 0.14452861249446868896 -0.14233528077602386475 -0.01446445845067501068 0.06348029524087905884 0.12557530403137207031 -0.06231848895549774170 0.09496190398931503296 -0.03171020373702049255 -0.18821246922016143799 0.12125798314809799194 -0.17358195781707763672 0.04668170586228370667 -0.03904642164707183838 0.06179636716842651367 
0.11058305203914642334 0.29740586876869201660 -0.00190090015530586243 0.10327851772308349609 -0.09416334331035614014 0.09810623526573181152 -0.32225209474563598633 -0.00454598013311624527 -0.06823180615901947021 0.07770376652479171753 0.06263151764869689941 -0.10750364512205123901 -0.08429609239101409912 0.26484033465385437012 0.14104783535003662109 0.16908945143222808838 -0.27423563599586486816 -0.12319805473089218140 -0.19855125248432159424 0.01980545744299888611 -0.28143671154975891113 -0.06235278397798538208 -0.38478538393974304199 -0.05224826559424400330 -0.04868375882506370544 0.02596553042531013489 0.00440995395183563232 -0.10677204281091690063 -0.25758728384971618652 0.06405840069055557251 0.12756456434726715088 0.02672234550118446350 -0.02849204652011394501 -0.00061144930077716708 0.10086642950773239136 0.24812135100364685059 -0.12032635509967803955 -0.09190726280212402344 -0.08472784608602523804 -0.21388047933578491211 
0.00056677334941923618 0.25613790750503540039 0.14058196544647216797 -0.18591088056564331055 0.35819655656814575195 0.07988210767507553101 0.19188873469829559326 0.19377346336841583252 -0.00093400682089850307 -0.15341280400753021240 0.04010793939232826233 0.14944560825824737549 -0.07281625270843505859 -0.06942310929298400879 0.12378686666488647461 -0.15799744427204132080 -0.20868076384067535400 0.04950650408864021301 0.30969491600990295410 -0.05563941597938537598 -0.09083995968103408813 -0.06418652087450027466 -0.19391894340515136719 0.15177991986274719238 -0.13304892182350158691 -0.15633744001388549805 -0.02023284323513507843 -0.29098770022392272949 0.35024955868721008301 0.14079159498214721680 0.13855352997779846191 0.06926623731851577759 0.13190846145153045654 0.01901981420814990997 -0.03150991722941398621 0.15937499701976776123 -0.00362828955985605717 0.04783194139599800110 0.12086318433284759521 -0.01796404458582401276 
0.03681713342666625977 0.00352198956534266472 0.35033696889877319336 -0.04914904758334159851 -0.11797738075256347656 -0.06870792061090469360 -0.16559223830699920654 0.29277855157852172852 0.22552943229675292969 0.25489863753318786621 0.19837291538715362549 -0.01714872568845748901 0.00220283563248813152 0.01834378577768802643 -0.04698861017823219299 0.00626877881586551666 0.37807285785675048828 0.19255597889423370361 0.15096977353096008301 -0.25463232398033142090 -0.12813049554824829102 -0.02180896513164043427 0.09008660167455673218 -0.05126364529132843018 -0.06650533527135848999 -0.10265082120895385742 0.06128706783056259155 -0.07506787776947021484 0.01213212218135595322 0.09116484224796295166 -0.21770660579204559326 -0.02153069712221622467 -0.31179836392402648926 0.14679606258869171143 0.03118539974093437195 0.25594568252563476562 -0.11997430771589279175 0.03690974041819572449 -0.07390951365232467651 -0.03479709103703498840 
0.04947517812252044678 0.27661865949630737305 0.03813056275248527527 0.16053581237792968750 0.25551390647888183594 -0.26429358124732971191 -0.08048759400844573975 0.14159776270389556885 -0.01904004439711570740 -0.30174702405929565430 -0.12943336367607116699 0.20984323322772979736 -0.16217295825481414795 -0.18377731740474700928 0.12096618115901947021 0.00025407163775525987 0.12279738485813140869 -0.17076247930526733398 -0.17815154790878295898 -0.16140688955783843994 0.22509697079658508301 0.07919877767562866211 -0.02332003042101860046 0.05367645248770713806 0.08996652066707611084 0.20799398422241210938 0.04474133998155593872 0.10367334634065628052 -0.01812894828617572784 -0.28839328885078430176 -0.26069900393486022949 0.05080416426062583923 -0.14952832460403442383 -0.18028615415096282959 0.00042937259422615170 0.17017668485641479492 -0.04861678928136825562 0.05508571490645408630 -0.02200326882302761078 -0.18704001605510711670 
0.21745607256889343262 0.10934444516897201538 -0.19926743209362030029 -0.01956895366311073303 -0.06504234671592712402 -0.21806679666042327881 0.23352019488811492920 0.02496636658906936646 -0.06837438046932220459 0.35381674766540527344 -0.18370133638381958008 0.04005288332700729370 -0.06226539984345436096 0.02786223962903022766 0.04342067986726760864 -0.15749777853488922119 0.05295934900641441345 -0.13356225192546844482 0.01904327049851417542 -0.01836016960442066193 -0.03021441772580146790 -0.08800119161605834961 0.01384617481380701065 0.06129785999655723572 -0.13661101460456848145 0.08812605589628219604 -0.08288595825433731079 0.05333373323082923889 -0.05235826969146728516 -0.12433832883834838867 0.15584941208362579346 -0.07518015056848526001 -0.18535509705543518066 0.32957628369331359863 -0.43546137213706970215 0.07778941839933395386 0.06877459585666656494 -0.19216169416904449463 0.27761408686637878418 -0.14681766927242279053 
0.22138737142086029053 0.01004019845277070999 -0.26573154330253601074 -0.10090285539627075195 0.08539186418056488037 0.12567181885242462158 -0.12595751881599426270 -0.01689632795751094818 0.32626396417617797852 -0.13003085553646087646 0.11627059429883956909 -0.01468669530004262924 -0.25752529501914978027 0.10730373859405517578 -0.20014728605747222900 0.00602646032348275185 0.04116505384445190430 0.14127130806446075439 -0.09676686674356460571 -0.28040668368339538574 0.08118907362222671509 -0.04968450963497161865 -0.04721806943416595459 -0.14572590589523315430 -0.04351674765348434448 -0.16231170296669006348 0.03610286116600036621 0.32571226358413696289 0.11580352485179901123 -0.02408968470990657806 0.32956826686859130859 -0.09781236946582794189 -0.07366556674242019653 -0.14070968329906463623 0.01168812252581119537 0.11214629560708999634 0.34102404117584228516 0.07897406816482543945 0.07328281551599502563 0.00441648392006754875 
0.23331215977668762207 -0.19356922805309295654 0.00511264475062489510 -0.11119545996189117432 0.19551758468151092529 0.09934175014495849609 0.08407586067914962769 -0.04357508569955825806 0.04620529711246490479 -0.06340406090021133423 0.24660828709602355957 0.04352475702762603760 -0.06697607785463333130 -0.10543952882289886475 0.01735698804259300232 0.09077460318803787231 -0.10658152401447296143 0.28773793578147888184 0.01143787242472171783 0.24913792312145233154 -0.18222104012966156006 -0.21284103393554687500 0.04770415276288986206 0.13004019856452941895 -0.19047388434410095215 -0.06845185160636901855 0.06706230342388153076 0.15356071293354034424 -0.34896540641784667969 -0.11911825835704803467 -0.29122439026832580566 0.18647487461566925049 0.03830433264374732971 -0.20525297522544860840 -0.31191003322601318359 0.02809515595436096191 -0.07188446074724197388 0.03091026097536087036 0.05276938527822494507 -0.12810990214347839355 
0.05163540691137313843 -0.03963822498917579651 0.06903594732284545898 0.37443414330482482910 0.06416951864957809448 0.15520069003105163574 0.23066288232803344727 -0.06331973522901535034 0.16640286147594451904 0.07472327351570129395 0.11331247538328170776 0.02571930363774299622 -0.13857668638229370117 0.04781914129853248596 0.30897665023803710938 -0.17060907185077667236 -0.06833690404891967773 0.12738014757633209229 0.12082146853208541870 -0.08059793710708618164 -0.01436873339116573334 -0.14867524802684783936 -0.10758723318576812744 -0.05691787600517272949 0.15973982214927673340 0.14833776652812957764 -0.38256877660751342773 0.32422205805778503418 0.10038740932941436768 0.08958218991756439209 -0.12002202123403549194 -0.26383164525032043457 0.05361227318644523621 0.02729727141559123993 0.05938602238893508911 -0.06022167205810546875 -0.14472375810146331787 -0.15186204016208648682 -0.19234652817249298096 -0.02303842455148696899 
0.17825239896774291992 -0.03574663773179054260 0.15662702918052673340 -0.17495664954185485840 -0.07184562832117080688 -0.15605546534061431885 -0.10008320212364196777 0.20970670878887176514 0.10310582071542739868 -0.09201371669769287109 0.10286302119493484497 0.14209026098251342773 0.14456568658351898193 -0.03369633108377456665 0.21620012819766998291 0.24053859710693359375 0.00605643959715962410 -0.01127291470766067505 -0.18923766911029815674 -0.31602349877357482910 -0.01059983577579259872 -0.02717803791165351868 0.05099535733461380005 -0.09084435552358627319 -0.09602530300617218018 0.17698472738265991211 -0.06525135040283203125 -0.14349710941314697266 -0.00866523291915655136 0.09185747057199478149 0.13376688957214355469 -0.10497319698333740234 0.33418110013008117676 -0.03722158819437026978 -0.30265223979949951172 -0.37731561064720153809 0.06836617738008499146 -0.14159473776817321777 -0.16959218680858612061 -0.03020279668271541595 
0.08976356685161590576 0.08332452923059463501 -0.11817696690559387207 0.21563589572906494141 0.22994555532932281494 0.03002418763935565948 -0.02740147709846496582 0.29730871319770812988 -0.02305221371352672577 0.20950233936309814453 -0.27272593975067138672 -0.04988965392112731934 0.13707733154296875000 0.14688053727149963379 -0.12792035937309265137 -0.15613341331481933594 0.19029629230499267578 0.13929559290409088135 0.01830859482288360596 0.08137118071317672729 0.00216573430225253105 0.02458991669118404388 -0.11730735749006271362 0.26418441534042358398 -0.13631765544414520264 -0.09144683182239532471 0.30445489287376403809 0.04644340276718139648 -0.13091620802879333496 -0.02913177758455276489 0.00762514770030975342 -0.31520822644233703613 0.28364232182502746582 -0.06352606415748596191 0.04465594887733459473 -0.13135367631912231445 0.02818536013364791870 0.12593223154544830322 -0.26528698205947875977 -0.05019211769104003906 
0.04415318742394447327 0.10731656104326248169 0.13256822526454925537 0.03867093101143836975 0.20360562205314636230 0.03739956393837928772 -0.13722732663154602051 -0.06045745685696601868 0.12158636003732681274 0.21103632450103759766 -0.06495719403028488159 0.16027736663818359375 0.20999516546726226807 -0.01720980182290077209 -0.12754786014556884766 0.25852009654045104980 -0.21981868147850036621 0.20016752183437347412 0.02425704337656497955 0.07280495017766952515 0.46165898442268371582 0.24537788331508636475 -0.25195068120956420898 -0.21394996345043182373 -0.05870690196752548218 -0.02500128932297229767 0.00453521590679883957 0.15606294572353363037 -0.02918387390673160553 0.04470536485314369202 -0.11047818511724472046 0.03275634348392486572 0.06508329510688781738 0.21785330772399902344 -0.12253470718860626221 0.06130062788724899292 -0.11690880358219146729 -0.08330625295639038086 0.15716442465782165527 0.21949420869350433350 
0.09880216419696807861 0.01135032624006271362 0.02763562649488449097 0.18793410062789916992 0.13470850884914398193 0.12148898839950561523 0.14289540052413940430 0.03410074114799499512 0.06375287473201751709 -0.28296911716461181641 -0.08065828680992126465 0.06191215291619300842 -0.25153231620788574219 0.16512897610664367676 -0.14946615695953369141 0.10549850761890411377 0.25380337238311767578 0.04957140237092971802 -0.24446748197078704834 0.16995757818222045898 -0.07083944976329803467 0.07676405459642410278 -0.09535098075866699219 -0.01914823986589908600 -0.12484297156333923340 -0.13524973392486572266 -0.08261428028345108032 -0.32602459192276000977 -0.03643253445625305176 0.10381428897380828857 -0.05962633714079856873 -0.09855633229017257690 -0.29469791054725646973 0.04325000941753387451 -0.00924829207360744476 -0.28033754229545593262 -0.07537677139043807983 -0.31048932671546936035 0.11280063539743423462 0.22493335604667663574 
0.07973940670490264893 0.07323713600635528564 0.28299859166145324707 0.19867251813411712646 0.03338161855936050415 0.11735796183347702026 0.01867403835058212280 0.16429992020130157471 0.10990003496408462524 -0.02164131589233875275 -0.07849586009979248047 -0.44092077016830444336 0.04483709856867790222 0.08356616646051406860 -0.28028321266174316406 -0.16679045557975769043 -0.10594742745161056519 -0.17710611224174499512 -0.07310263812541961670 0.06126936897635459900 0.26780843734741210938 -0.22111916542053222656 0.20609883964061737061 -0.10310054570436477661 -0.25323051214218139648 0.20763009786605834961 -0.16040071845054626465 -0.03713091090321540833 0.03619563207030296326 0.16240641474723815918 -0.02119226567447185516 0.23509086668491363525 0.06217802688479423523 -0.12504971027374267578 -0.05928952991962432861 0.00594570674002170563 0.08631913363933563232 0.01602984219789505005 0.06173994764685630798 -0.14236250519752502441 
0.22138275206089019775 -0.07444360107183456421 0.10066215693950653076 0.19164946675300598145 -0.14524658024311065674 0.09283491969108581543 0.02830579504370689392 -0.11614577472209930420 -0.03144538402557373047 0.11185861378908157349 -0.23177818953990936279 0.13465899229049682617 0.09779116511344909668 -0.38608527183532714844 -0.08150285482406616211 0.11221008747816085815 0.07619794458150863647 -0.19458223879337310791 -0.01393546164035797119 -0.07156002521514892578 -0.10937316715717315674 -0.33230900764465332031 -0.18053032457828521729 -0.07160131633281707764 0.15838386118412017822 -0.05586003139615058899 0.25496470928192138672 -0.00258429511450231075 0.11575063318014144897 0.28254613280296325684 -0.01637887209653854370 -0.11002513021230697632 0.00099299289286136627 -0.33169767260551452637 -0.08504449576139450073 0.11185164749622344971 -0.04023968800902366638 -0.01206661388278007507 0.18124279379844665527 0.13808241486549377441 
0.02938389964401721954 0.21674335002899169922 -0.09744478017091751099 0.00221764808520674706 0.12994237244129180908 0.30353766679763793945 -0.12686161696910858154 0.07243715971708297729 -0.03011300414800643921 -0.01990270614624023438 0.29003426432609558105 -0.06941136717796325684 0.43262144923210144043 0.13984796404838562012 0.12830612063407897949 -0.04347722604870796204 0.05290729552507400513 -0.15094627439975738525 0.03417756780982017517 -0.05025750398635864258 0.09799186885356903076 -0.04980244114995002747 0.14332148432731628418 0.26290956139564514160 0.35340929031372070312 -0.10612011700868606567 0.08970152586698532104 0.03954497724771499634 -0.00773135060444474220 0.00465664174407720566 -0.10629674047231674194 0.00666178809478878975 -0.15714490413665771484 -0.05248499661684036255 -0.08528638631105422974 -0.07760438323020935059 0.18573734164237976074 -0.32925212383270263672 0.15788975358009338379 0.01367314811795949936 
0.21451695263385772705 0.00943873729556798935 -0.05298593640327453613 -0.02020275406539440155 -0.25298044085502624512 -0.04498144984245300293 -0.26581174135208129883 -0.09796471148729324341 0.17711988091468811035 -0.16319705545902252197 -0.04953557625412940979 -0.21984960138797760010 -0.00543028255924582481 0.09538752585649490356 0.20582154393196105957 -0.08989050239324569702 0.05669140070676803589 0.16002291440963745117 -0.10702709108591079712 0.16013528406620025635 -0.08145435154438018799 0.08366276323795318604 -0.10514264553785324097 0.25381621718406677246 -0.06185007095336914062 0.22246919572353363037 0.09823326021432876587 0.02955026365816593170 0.39913827180862426758 -0.00497253518551588058 -0.26573580503463745117 -0.06228460744023323059 0.15398779511451721191 0.13005587458610534668 -0.02443896979093551636 -0.02245464362204074860 -0.04159733280539512634 0.14726209640502929688 0.33393049240112304688 0.08173933625221252441 
0.28779497742652893066 -0.19431415200233459473 0.09262008965015411377 -0.05816232040524482727 -0.20117478072643280029 0.00770318647846579552 -0.10758599638938903809 0.01757915690541267395 -0.00738942855969071388 0.08493961393833160400 -0.01549512427300214767 0.18340827524662017822 -0.00793854054063558578 0.21536147594451904297 -0.11217959970235824585 -0.25289902091026306152 -0.15877996385097503662 -0.31472620368003845215 0.02666839957237243652 -0.12663792073726654053 0.11635987460613250732 0.17158059775829315186 -0.13997647166252136230 0.19109597802162170410 -0.00187772430945187807 -0.36575853824615478516 -0.31696507334709167480 -0.05104580521583557129 0.01587918214499950409 -0.17591758072376251221 -0.14964815974235534668 0.04210782423615455627 -0.02424542419612407684 -0.21587224304676055908 -0.09228343516588211060 -0.08156774193048477173 -0.12666980922222137451 0.15523552894592285156 -0.07213304191827774048 0.10429321974515914917 
0.11356376111507415771 -0.00638579484075307846 0.02293063513934612274 0.13776552677154541016 -0.06840375810861587524 -0.00392302591353654861 0.01398317608982324600 0.08464913815259933472 0.03838835284113883972 0.08774090558290481567 0.13486795127391815186 0.20309482514858245850 0.14210146665573120117 0.05068311095237731934 0.00663371756672859192 0.14061392843723297119 0.07372934371232986450 0.07215300947427749634 0.29378110170364379883 0.22700943052768707275 0.02960743755102157593 0.07287392765283584595 -0.13174225389957427979 -0.15906670689582824707 0.04717238992452621460 0.19492997229099273682 -0.15339685976505279541 -0.19315357506275177002 -0.05427756533026695251 -0.10526802390813827515 0.09603095054626464844 -0.12066642194986343384 -0.15363742411136627197 -0.19663162529468536377 0.18306042253971099854 -0.24411550164222717285 0.22559051215648651123 0.29637810587882995605 0.31115940213203430176 -0.34233015775680541992 
0.22413191199302673340 0.00270853587426245213 -0.02802729420363903046 -0.02874031104147434235 0.25032642483711242676 -0.21497386693954467773 -0.15390348434448242188 -0.23194187879562377930 -0.00695488508790731430 -0.02950400300323963165 0.13876102864742279053 -0.18201856315135955811 0.00232754903845489025 -0.22752681374549865723 0.01037822943180799484 -0.03954874351620674133 -0.05881386995315551758 -0.18162254989147186279 0.18819367885589599609 -0.06284568458795547485 0.00558661809191107750 0.18230924010276794434 0.00670652789995074272 0.21345981955528259277 -0.15394429862499237061 0.06926387548446655273 0.05650262162089347839 0.14748908579349517822 -0.11075491458177566528 0.40588864684104919434 0.14628924429416656494 -0.04296728968620300293 -0.30972921848297119141 0.06717612594366073608 0.09634295850992202759 -0.28950780630111694336 -0.18317069113254547119 0.11243524402379989624 -0.07718296349048614502 -0.03086525574326515198 
0.16694711148738861084 -0.05068212747573852539 -0.11605639755725860596 -0.15323920547962188721 0.02705154940485954285 -0.15416897833347320557 0.12827849388122558594 0.20022937655448913574 -0.04843762889504432678 -0.06979385763406753540 0.06795857846736907959 0.24702455103397369385 0.23999239504337310791 0.30625241994857788086 0.16642071306705474854 -0.04681218042969703674 0.00402310676872730255 -0.09142906218767166138 -0.18825417757034301758 0.19885730743408203125 0.11586316674947738647 -0.29693576693534851074 0.17533890902996063232 -0.19808447360992431641 -0.13426907360553741455 -0.04096030071377754211 0.11441400647163391113 0.19106189906597137451 0.10106389969587326050 0.10675732791423797607 0.10066992044448852539 0.00007995753549039364 -0.08298040926456451416 0.00106515537481755018 0.29470950365066528320 0.04977716132998466492 -0.36086064577102661133 0.07488968223333358765 0.06948217004537582397 0.06762794405221939087 
0.23489727079868316650 -0.08100862056016921997 -0.08664385974407196045 -0.11471333354711532593 0.22457569837570190430 -0.13594044744968414307 0.07789544761180877686 -0.04606278240680694580 0.22951120138168334961 0.26335558295249938965 -0.20998106896877288818 -0.23560184240341186523 -0.09896185249090194702 0.09344697743654251099 0.18149380385875701904 0.22783350944519042969 0.08878339082002639771 -0.14397542178630828857 0.16000810265541076660 0.06419040262699127197 -0.06420159339904785156 0.00562534760683774948 -0.06038341671228408813 -0.16956311464309692383 0.16148744523525238037 -0.11875173449516296387 0.09991370886564254761 -0.05180916935205459595 0.21489147841930389404 -0.14894807338714599609 -0.12900158762931823730 0.38229367136955261230 0.05283249914646148682 -0.06370753794908523560 0.18392723798751831055 -0.16049607098102569580 0.05573928728699684143 -0.19487071037292480469 -0.15044099092483520508 -0.08029059320688247681 
0.06629515439271926880 0.29439172148704528809 0.07874859869480133057 0.14131632447242736816 -0.11041042953729629517 -0.21218799054622650146 -0.07100985199213027954 -0.38993388414382934570 -0.15642274916172027588 0.11049845814704895020 0.17761141061782836914 0.12796260416507720947 -0.10048457235097885132 0.19910287857055664062 -0.02721827663481235504 -0.31230413913726806641 -0.00691166659817099571 0.30053427815437316895 0.11231242865324020386 -0.06282005459070205688 0.12233898788690567017 -0.10751231759786605835 0.07618418335914611816 -0.13388106226921081543 -0.04554243385791778564 0.06158576160669326782 0.28174519538879394531 -0.16592465341091156006 0.07546157389879226685 -0.08113936334848403931 0.05358134582638740540 0.14298723638057708740 -0.00955267343670129776 -0.24053235352039337158 -0.07320867478847503662 -0.15363065898418426514 -0.01998604461550712585 -0.13148939609527587891 -0.11471803486347198486 0.11196471005678176880 
0.02611291967332363129 0.34429195523262023926 -0.14343534409999847412 0.15309822559356689453 -0.04814428091049194336 -0.15011088550090789795 0.16998313367366790771 -0.08796507865190505981 0.24968853592872619629 0.01124929543584585190 0.00044953674660064280 0.15664821863174438477 0.12415280193090438843 0.14136865735054016113 -0.06940899789333343506 0.17794066667556762695 0.08288599550724029541 -0.13254745304584503174 0.13450367748737335205 0.02288124151527881622 -0.30675220489501953125 0.25310358405113220215 0.27741909027099609375 0.06951684504747390747 -0.12408889085054397583 0.06480952352285385132 -0.19263157248497009277 0.08208043873310089111 -0.11738681048154830933 0.17958649992942810059 -0.06924565136432647705 0.11007397621870040894 0.20258121192455291748 -0.18584847450256347656 0.00305553316138684750 0.20120662450790405273 0.07721279561519622803 0.05951111391186714172 0.01725904084742069244 0.28483852744102478027 
0.10662546008825302124 -0.09697825461626052856 0.31296020746231079102 0.03170063719153404236 0.29601144790649414062 0.13940352201461791992 -0.23328474164009094238 -0.19345359504222869873 -0.12531507015228271484 0.07641897350549697876 0.08145193755626678467 0.05422774702310562134 0.02088132314383983612 -0.08957090228796005249 0.07170034199953079224 -0.22425872087478637695 0.34796729683876037598 -0.13878354430198669434 -0.12638935446739196777 0.15239326655864715576 -0.19887177646160125732 0.23440483212471008301 0.13644133508205413818 -0.18634958565235137939 -0.03501080349087715149 -0.05103467777371406555 -0.09185811132192611694 0.09230232983827590942 0.02619415521621704102 -0.16324102878570556641 0.26802355051040649414 -0.01570878922939300537 0.27813309431076049805 0.01342109125107526779 0.02670063637197017670 0.11237074434757232666 -0.07368295639753341675 -0.09382307529449462891 0.17516513168811798096 -0.05465993657708168030 
0.20275561511516571045 -0.08231496810913085938 -0.09656558185815811157 0.08603215962648391724 0.00418319134041666985 0.20352409780025482178 -0.25074484944343566895 0.14155530929565429688 -0.14628405869007110596 -0.06569807231426239014 -0.17430737614631652832 0.32850551605224609375 -0.12309029698371887207 0.07228243350982666016 -0.05601187050342559814 -0.05797235295176506042 0.11769264191389083862 0.10498401522636413574 0.09882912039756774902 0.10085114091634750366 -0.01770704053342342377 -0.06544581055641174316 0.06090908497571945190 0.05982113257050514221 0.28107669949531555176 0.22553895413875579834 -0.07991021126508712769 0.02578727528452873230 -0.00876389909535646439 0.25472396612167358398 0.10340967774391174316 0.44501677155494689941 -0.01450922153890132904 0.26357710361480712891 -0.11663188040256500244 -0.00670681754127144814 0.07981234043836593628 0.14092305302619934082 -0.20163279771804809570 0.05117755383253097534 
0.20942616462707519531 0.20842847228050231934 -0.24184341728687286377 0.01825851947069168091 -0.12965302169322967529 0.11143592745065689087 -0.15475365519523620605 0.07083842158317565918 -0.32325655221939086914 -0.09123289585113525391 0.05379615351557731628 -0.01781411468982696533 -0.13791766762733459473 -0.13803540170192718506 -0.27088674902915954590 0.22101688385009765625 -0.03254006430506706238 -0.00498615251854062080 0.25385254621505737305 0.00039902949356473982 -0.00067386502632871270 0.00727494992315769196 0.27945348620414733887 -0.16781395673751831055 -0.06850229948759078979 -0.16543340682983398438 -0.09562525898218154907 0.03420011699199676514 0.22200618684291839600 -0.03608626872301101685 -0.20102120935916900635 -0.19673711061477661133 0.17492690682411193848 0.09066867828369140625 0.03633191809058189392 -0.05279987677931785583 -0.22202402353286743164 -0.15609818696975708008 -0.03061613440513610840 -0.24064277112483978271 
0.09013712406158447266 0.15108208358287811279 0.12168251723051071167 -0.21379929780960083008 0.08701637387275695801 0.20345334708690643311 0.18965716660022735596 -0.08433234691619873047 -0.11154540628194808960 0.02487060241401195526 -0.18689371645450592041 0.00405319081619381905 -0.08368454128503799438 0.16892530024051666260 0.08233127743005752563 -0.17545330524444580078 -0.14867562055587768555 -0.01852013915777206421 -0.14087946712970733643 -0.19886974990367889404 -0.15583243966102600098 0.19145521521568298340 0.14468428492546081543 -0.34163340926170349121 0.15316632390022277832 -0.02529328875243663788 0.18405377864837646484 0.03365141525864601135 -0.15174855291843414307 0.21505154669284820557 -0.34386348724365234375 -0.11989536136388778687 -0.02035422809422016144 0.09265577793121337891 -0.02396587841212749481 -0.15433113276958465576 0.13018351793289184570 0.28202727437019348145 0.11982055753469467163 -0.09855320304632186890 
0.10862378031015396118 0.30836039781570434570 0.10432862490415573120 -0.40945553779602050781 -0.04308819398283958435 0.12112589180469512939 -0.01769583113491535187 0.05100003257393836975 0.18181508779525756836 0.02038365229964256287 -0.19370618462562561035 0.00107072840910404921 0.13112467527389526367 -0.20921847224235534668 -0.28214901685714721680 -0.16230170428752899170 -0.08156100660562515259 0.11399126797914505005 -0.01415178738534450531 0.08754574507474899292 -0.21909819543361663818 -0.10078447312116622925 -0.04350865632295608521 0.01335330866277217865 0.13761071860790252686 0.27258878946304321289 -0.15499280393123626709 0.08846562355756759644 -0.06143288686871528625 -0.28224945068359375000 0.08386044204235076904 -0.05705125629901885986 -0.13109639286994934082 -0.05729221925139427185 0.16562165319919586182 -0.16747775673866271973 -0.16620902717113494873 -0.10429072380065917969 -0.08916567265987396240 0.16811768710613250732 
0.21536837518215179443 -0.12165167927742004395 0.05795320123434066772 -0.17591822147369384766 0.07090729475021362305 0.08507002145051956177 0.19806411862373352051 -0.20390339195728302002 -0.12691061198711395264 0.15981531143188476562 -0.11377396434545516968 -0.00970062240958213806 0.01055205240845680237 0.13681307435035705566 -0.05780315399169921875 0.20996975898742675781 0.00429394003003835678 0.27060580253601074219 -0.20366206765174865723 -0.10026250034570693970 0.18271408975124359131 0.17594991624355316162 0.18960128724575042725 0.32980525493621826172 0.13019409775733947754 0.18921025097370147705 -0.11045122891664505005 -0.19066022336483001709 0.10573180764913558960 0.12813676893711090088 0.10413596034049987793 -0.11167648434638977051 -0.04079427197575569153 -0.20864599943161010742 0.10597623139619827271 0.28712379932403564453 -0.10602810233831405640 -0.07133473455905914307 -0.05291171744465827942 -0.21550722420215606689 
0.04929854348301887512 -0.01967198029160499573 0.30212208628654479980 0.02284396439790725708 0.13542437553405761719 -0.22990442812442779541 -0.09595882892608642578 -0.00745326187461614609 -0.13009108603000640869 -0.16428071260452270508 -0.15202644467353820801 -0.20483727753162384033 -0.15079827606678009033 0.30123335123062133789 -0.00482174288481473923 0.25838735699653625488 -0.04982481151819229126 0.01905164681375026703 0.28708142042160034180 -0.06195928901433944702 -0.00908629316836595535 -0.25958535075187683105 0.14562982320785522461 0.09011103212833404541 0.29829981923103332520 -0.05218374729156494141 -0.03648908063769340515 0.05892091989517211914 -0.18425193428993225098 -0.15137693285942077637 0.14991027116775512695 -0.19521988928318023682 0.06204552948474884033 0.05379112809896469116 -0.06770537793636322021 0.00728070130571722984 -0.06389969587326049805 0.13174143433570861816 0.20336742699146270752 0.24828043580055236816 
0.21286685764789581299 -0.07791884243488311768 0.06163948029279708862 0.24299103021621704102 -0.08940953761339187622 0.03107769414782524109 0.03834736347198486328 0.20164625346660614014 -0.23808890581130981445 -0.15573389828205108643 -0.21169783174991607666 -0.18186825513839721680 0.26307439804077148438 -0.11037991940975189209 0.25698491930961608887 0.01372660975903272629 -0.22119250893592834473 0.27030968666076660156 0.04357773810625076294 -0.05242722854018211365 -0.16880173981189727783 0.27031543850898742676 0.11545507609844207764 -0.14142835140228271484 -0.14865384995937347412 -0.10315412282943725586 0.00641025556251406670 0.09508579224348068237 0.10097345709800720215 -0.16113120317459106445 0.15759848058223724365 0.08067186176776885986 -0.29901584982872009277 -0.10977947711944580078 -0.03953540697693824768 0.07376771420240402222 0.11534220725297927856 -0.03627482801675796509 -0.09871648252010345459 0.15663172304630279541 
0.13160765171051025391 -0.12392424792051315308 0.16911798715591430664 0.25105205178260803223 -0.15488103032112121582 -0.00611113943159580231 0.16302217543125152588 -0.09201014786958694458 0.29780137538909912109 -0.22779589891433715820 -0.05015378445386886597 0.19420541822910308838 0.10943726450204849243 0.00334199215285480022 -0.18341311812400817871 -0.05323613807559013367 -0.20443734526634216309 -0.00127530528698116541 0.05038186162710189819 -0.19689086079597473145 -0.07993660122156143188 0.06171580031514167786 0.09613720327615737915 0.15544958412647247314 0.05241288244724273682 -0.07621894776821136475 0.29096966981887817383 0.00774356862530112267 -0.12166861444711685181 -0.12509702146053314209 0.10068171471357345581 0.13501961529254913330 0.13245873153209686279 0.31016740202903747559 0.23949089646339416504 -0.03808312863111495972 -0.07715154439210891724 -0.18273749947547912598 0.11695703119039535522 -0.28804823756217956543 

R = 
3.44792819023132324219 2.40075373649597167969 2.96577858924865722656 2.81896638870239257812 2.54298901557922363281 3.13669061660766601562 3.11561584472656250000 2.84842801094055175781 2.71183991432189941406 2.69711327552795410156 2.26722908020019531250 2.93061089515686035156 2.91027188301086425781 2.42376184463500976562 2.79817438125610351562 2.73826742172241210938 2.56081914901733398438 2.72202038764953613281 2.31835961341857910156 3.05396032333374023438 3.37340450286865234375 2.44860672950744628906 2.68217778205871582031 2.88262462615966796875 2.93902182579040527344 2.83140873908996582031 2.74812459945678710938 2.83517503738403320312 2.55029511451721191406 2.60678672790527343750 2.93258547782897949219 2.81052160263061523438 2.58004164695739746094 2.72871303558349609375 2.69834208488464355469 2.35879421234130859375 2.35991001129150390625 2.22894978523254394531 2.00544738769531250000 1.89966583251953125000 
0.00000000000000000000 2.37323904037475585938 0.87295460700988769531 1.52868473529815673828 1.15774261951446533203 1.31472301483154296875 0.81755083799362182617 1.76603579521179199219 1.24315667152404785156 1.18550026416778564453 1.43348705768585205078 0.89555466175079345703 1.10837757587432861328 1.22951292991638183594 1.22118628025054931641 1.13223361968994140625 1.33818340301513671875 1.71406364440917968750 1.42821061611175537109 1.23467636108398437500 1.10649633407592773438 1.33653140068054199219 1.18695068359375000000 0.90392380952835083008 0.80198496580123901367 1.13658070564270019531 1.19697916507720947266 0.40329429507255554199 0.88172620534896850586 1.13994669914245605469 0.89172625541687011719 0.81466782093048095703 1.03781533241271972656 1.22996222972869873047 1.28346955776214599609 1.36774027347564697266 0.87211507558822631836 1.13296759128570556641 1.20930719375610351562 0.96516919136047363281 
