Q = 
-0.11984765529632568359 0.23715887963771820068 0.07808707654476165771 0.06116876378655433655 0.15589165687561035156 0.13860729336738586426 -0.17332683503627777100 -0.11125849187374114990 -0.12280827015638351440 0.14839425683021545410 -0.08969303965568542480 0.15864759683609008789 -0.13734385371208190918 0.24252426624298095703 0.20730175077915191650 0.03763252496719360352 0.19073061645030975342 -0.15277032554149627686 0.14029882848262786865 0.22991418838500976562 -0.19432596862316131592 -0.03000504896044731140 0.02651735208928585052 -0.11862440407276153564 0.00709827896207571030 0.16634009778499603271 0.11080087721347808838 0.01899114996194839478 0.24834115803241729736 -0.04601505771279335022 0.11309224367141723633 0.28363883495330810547 -0.18280911445617675781 -0.04028286412358283997 -0.24431768059730529785 0.15896718204021453857 -0.15012699365615844727 0.17394165694713592529 -0.25181850790977478027 -0.14809717237949371338 
-0.18711440265178680420 -0.04716304689645767212 -0.19694387912750244141 -0.14883013069629669189 0.18418720364570617676 0.09827437251806259155 -0.02426412142813205719 -0.16533501446247100830 -0.07657112181186676025 0.07392775267362594604 -0.09231256693601608276 -0.10795038193464279175 -0.34944802522659301758 0.06940792500972747803 0.15606723725795745850 -0.00649401452392339706 -0.10327621549367904663 0.18923495709896087646 -0.15542474389076232910 -0.21468481421470642090 -0.19346502423286437988 0.09953647106885910034 -0.07826997339725494385 -0.10094355046749114990 -0.15049168467521667480 -0.17024944722652435303 -0.21250374615192413330 -0.06516601145267486572 0.14937476813793182373 0.01387428119778633118 -0.04953830689191818237 -0.15357156097888946533 -0.04743387177586555481 0.00053499656496569514 -0.26199850440025329590 -0.10869137942790985107 0.33892863988876342773 -0.25588643550872802734 0.04710526391863822937 -0.22859130799770355225 
-0.04001018032431602478 0.23630587756633758545 -0.12939719855785369873 -0.05585781857371330261 0.21347825229167938232 0.31412556767463684082 -0.14580826461315155029 0.21137338876724243164 0.23523882031440734863 -0.16217440366744995117 0.07344830781221389771 0.03934129327535629272 0.01034339610487222672 0.00077104585943743587 0.22126469016075134277 0.14435955882072448730 0.18924571573734283447 0.14734899997711181641 -0.11498527228832244873 -0.23559571802616119385 -0.22621826827526092529 0.02480954490602016449 -0.06481384485960006714 0.01083072833716869354 -0.02993678115308284760 0.13332010805606842041 -0.14171202480792999268 0.01524200290441513062 -0.00524148717522621155 -0.11018320918083190918 0.19723267853260040283 -0.07618990540504455566 0.09113036841154098511 -0.07230563461780548096 0.28312724828720092773 -0.03655554354190826416 -0.14764566719532012939 0.23729486763477325439 0.30214369297027587891 0.10665009915828704834 
-0.28389140963554382324 -0.14592380821704864502 0.17390321195125579834 -0.02598137035965919495 -0.10095035284757614136 0.10157453268766403198 -0.17787678539752960205 0.16290090978145599365 -0.14245459437370300293 -0.20397284626960754395 -0.17218096554279327393 0.14273428916931152344 0.24268093705177307129 -0.04907656461000442505 -0.10095420479774475098 -0.04089903086423873901 0.18891507387161254883 0.12138412147760391235 -0.16297388076782226562 0.23871342837810516357 -0.03879223763942718506 -0.06923345476388931274 0.25017151236534118652 0.17102409899234771729 -0.10409890115261077881 -0.28413382172584533691 -0.01236369647085666656 0.22779013216495513916 0.11930876970291137695 -0.18156221508979797363 -0.12588347494602203369 -0.04054948315024375916 -0.07562571018934249878 -0.19267272949218750000 -0.06338545680046081543 -0.22100089490413665771 0.03046092018485069275 0.07698768377304077148 0.13482818007469177246 -0.20564259588718414307 
-0.18856245279312133789 0.08061166852712631226 0.02312948182225227356 0.14501588046550750732 -0.15030735731124877930 -0.12263999879360198975 0.13910563290119171143 0.16575361788272857666 0.13955284655094146729 0.12459725886583328247 -0.04691377282142639160 -0.06845258176326751709 0.06632836163043975830 0.23899702727794647217 0.06725561618804931641 -0.00512041989713907242 -0.20463620126247406006 -0.03214493021368980408 0.26471018791198730469 -0.14332574605941772461 -0.01513740606606006622 -0.25943171977996826172 -0.27088505029678344727 -0.02447681501507759094 0.03854139521718025208 0.21042229235172271729 0.16112241148948669434 0.31835514307022094727 -0.02204799093306064606 -0.08767808973789215088 -0.08017209172248840332 -0.16399936378002166748 0.03512050583958625793 -0.26934751868247985840 -0.14193332195281982422 -0.06368246674537658691 0.28271374106407165527 0.19936837255954742432 0.16392675042152404785 -0.09917303174734115601 
-0.13147519528865814209 0.14709487557411193848 -0.19904491305351257324 -0.15938287973403930664 0.16537396609783172607 -0.33240148425102233887 -0.13298018276691436768 0.09388408809900283813 -0.17003183066844940186 -0.24491925537586212158 0.03220009803771972656 0.07142129540443420410 0.16962558031082153320 0.01896297372877597809 -0.07402615994215011597 -0.07125335186719894409 0.21902675926685333252 -0.14550392329692840576 0.03905979171395301819 -0.19108273088932037354 -0.06303514540195465088 -0.03403169661760330200 0.27638247609138488770 0.00073531956877559423 0.10790847986936569214 0.27776673436164855957 0.19765292108058929443 -0.20762027800083160400 0.07249315828084945679 0.22905729711055755615 -0.06636016070842742920 0.03531592339277267456 -0.09310879558324813843 -0.06998918205499649048 -0.07456544041633605957 -0.06851957738399505615 0.29547831416130065918 -0.12668628990650177002 0.11230213940143585205 0.18481603264808654785 
-0.01424809172749519348 0.10111439973115921021 -0.25605684518814086914 0.11005959659814834595 -0.03385058417916297913 0.02961372584104537964 -0.24707989394664764404 -0.01050195004791021347 -0.24703487753868103027 0.15572986006736755371 -0.31110432744026184082 -0.03835589066147804260 -0.03370155021548271179 -0.07530394196510314941 -0.24022896587848663330 0.28273391723632812500 -0.02628743089735507965 0.13151012361049652100 0.23048432171344757080 -0.00589466933161020279 0.18048362433910369873 -0.00530498381704092026 0.11439805477857589722 -0.16966274380683898926 -0.02187952771782875061 -0.08147347718477249146 -0.11008280515670776367 -0.26054859161376953125 -0.35568380355834960938 -0.16594414412975311279 0.01218421384692192078 0.09508994966745376587 0.06940222531557083130 -0.14535522460937500000 0.02434767782688140869 0.15707018971443176270 0.11647958308458328247 0.20591980218887329102 0.11492312699556350708 -0.06601897627115249634 
-0.17426566779613494873 -0.01498535834252834320 0.08862708508968353271 0.07616116106510162354 0.03503850847482681274 -0.20822785794734954834 -0.17118409276008605957 -0.28944230079650878906 0.11365455389022827148 -0.00640017632395029068 -0.33163139224052429199 0.20003043115139007568 -0.10626056045293807983 0.10924474149942398071 -0.14238540828227996826 -0.15011076629161834717 -0.12120580673217773438 0.00465114414691925049 0.09967213869094848633 -0.23700480163097381592 -0.01212053466588258743 0.27118715643882751465 0.01460482738912105560 0.15662941336631774902 0.47607162594795227051 -0.01897643692791461945 -0.14452855288982391357 0.14233525097370147705 0.01446453388780355453 0.06348046660423278809 0.12557528913021087646 -0.06231866031885147095 -0.09496195614337921143 0.03171030059456825256 0.18821242451667785645 -0.12125821411609649658 -0.17358224093914031982 0.04668170958757400513 0.03904648125171661377 -0.06179608404636383057 
-0.11058308184146881104 0.29740583896636962891 0.00190091459080576897 0.10327852517366409302 0.09416332095861434937 0.09810617566108703613 0.32225206494331359863 0.00454603228718042374 -0.06823173165321350098 0.07770369946956634521 -0.06263142824172973633 0.10750365257263183594 -0.08429602533578872681 -0.26484027504920959473 0.14104774594306945801 0.16908934712409973145 -0.27423566579818725586 0.12319788336753845215 0.19855137169361114502 -0.01980554498732089996 0.28143656253814697266 -0.06235279887914657593 0.38478544354438781738 0.05224828794598579407 -0.04868377745151519775 -0.02596552297472953796 -0.00440992042422294617 0.10677210241556167603 0.25758719444274902344 0.06405855715274810791 0.12756465375423431396 0.02672256343066692352 0.02849184721708297729 0.00061156373703852296 -0.10086605697870254517 -0.24812126159667968750 -0.12032590061426162720 -0.09190732985734939575 0.08472666144371032715 0.21388240158557891846 
-0.00056677346583455801 0.25613790750503540039 -0.14058199524879455566 -0.18591085076332092285 -0.35819655656814575195 0.07988207787275314331 -0.19188870489597320557 -0.19377349317073822021 -0.00093403091887012124 -0.15341284871101379395 -0.04010787978768348694 -0.14944568276405334473 -0.07281617075204849243 0.06942307949066162109 0.12378678470849990845 -0.15799747407436370850 -0.20868095755577087402 -0.04950666427612304688 -0.30969488620758056641 0.05563936755061149597 0.09083963185548782349 -0.06418655067682266235 0.19391904771327972412 -0.15178003907203674316 -0.13304887712001800537 0.15633726119995117188 0.02023299783468246460 0.29098781943321228027 -0.35024949908256530762 0.14079153537750244141 0.13855357468128204346 0.06926642358303070068 -0.13190862536430358887 -0.01901949569582939148 0.03151054680347442627 -0.15937456488609313965 -0.00362726347520947456 0.04783145710825920105 -0.12086562067270278931 0.01796721294522285461 
-0.03681714460253715515 0.00352197512984275818 -0.35033696889877319336 -0.04914902523159980774 0.11797741055488586426 -0.06870791316032409668 0.16559222340583801270 -0.29277867078781127930 0.22552944719791412354 0.25489866733551025391 -0.19837291538715362549 0.01714874245226383209 0.00220275484025478363 -0.01834383048117160797 -0.04698859900236129761 0.00626891804859042168 0.37807285785675048828 -0.19255594909191131592 -0.15096992254257202148 0.25463226437568664551 0.12813049554824829102 -0.02180889807641506195 -0.09008663892745971680 0.05126352235674858093 -0.06650543957948684692 0.10265097022056579590 -0.06128725782036781311 0.07506792247295379639 -0.01213216874748468399 0.09116489440202713013 -0.21770653128623962402 -0.02153056301176548004 0.31179821491241455078 -0.14679603278636932373 -0.03118504956364631653 -0.25594553351402282715 -0.11997327208518981934 0.03690943121910095215 0.07390813529491424561 0.03479957208037376404 
-0.04947518929839134216 0.27661868929862976074 -0.03813054040074348450 0.16053576767444610596 -0.25551393628120422363 -0.26429367065429687500 0.08048760890960693359 -0.14159773290157318115 -0.01904008723795413971 -0.30174708366394042969 0.12943333387374877930 -0.20984327793121337891 -0.16217289865016937256 0.18377736210823059082 0.12096616625785827637 0.00025403592735528946 0.12279743701219558716 0.17076236009597778320 0.17815151810646057129 0.16140690445899963379 -0.22509685158729553223 0.07919871062040328979 0.02332000434398651123 -0.05367646366357803345 0.08996639400720596313 -0.20799396932125091553 -0.04474144801497459412 -0.10367334634065628052 0.01812892965972423553 -0.28839328885078430176 -0.26069906353950500488 0.05080419406294822693 0.14952832460403442383 0.18028622865676879883 -0.00042870256584137678 -0.17017659544944763184 -0.04861592501401901245 0.05508505553007125854 0.02200144715607166290 0.18704266846179962158 
-0.21745613217353820801 0.10934437066316604614 0.19926753640174865723 -0.01956899464130401611 0.06504230946302413940 -0.21806684136390686035 -0.23352016508579254150 -0.02496636100113391876 -0.06837435066699981689 0.35381668806076049805 0.18370127677917480469 -0.04005289822816848755 -0.06226531043648719788 -0.02786239422857761383 0.04342064261436462402 -0.15749780833721160889 0.05295934155583381653 0.13356220722198486328 -0.01904330961406230927 0.01836027391254901886 0.03021450527012348175 -0.08800125122070312500 -0.01384617295116186142 -0.06129763647913932800 -0.13661123812198638916 -0.08812585473060607910 0.08288603276014328003 -0.05333365127444267273 0.05235812813043594360 -0.12433831393718719482 0.15584933757781982422 -0.07518023252487182617 0.18535496294498443604 -0.32957619428634643555 0.43546149134635925293 -0.07778938859701156616 0.06877423077821731567 -0.19216185808181762695 -0.27761465311050415039 0.14681708812713623047 
-0.22138741612434387207 0.01004016306251287460 0.26573160290718078613 -0.10090288519859313965 -0.08539189398288726807 0.12567180395126342773 0.12595748901367187500 0.01689635217189788818 0.32626393437385559082 -0.13003090023994445801 -0.11627053469419479370 0.01468669436872005463 -0.25752535462379455566 -0.10730372369289398193 -0.20014719665050506592 0.00602652365341782570 0.04116505756974220276 -0.14127139747142791748 0.09676690399646759033 0.28040671348571777344 -0.08118913322687149048 -0.04968450218439102173 0.04721800982952117920 0.14572599530220031738 -0.04351685568690299988 0.16231170296669006348 -0.03610286116600036621 -0.32571223378181457520 -0.11580364406108856201 -0.02408981136977672577 0.32956826686859130859 -0.09781221300363540649 0.07366538792848587036 0.14070974290370941162 -0.01168780401349067688 -0.11214606463909149170 0.34102371335029602051 0.07897440344095230103 -0.07328230887651443481 -0.00441796518862247467 
-0.23331221938133239746 -0.19356930255889892578 -0.00511259678751230240 -0.11119548231363296509 -0.19551758468151092529 0.09934175759553909302 -0.08407584577798843384 0.04357503727078437805 0.04620534554123878479 -0.06340410560369491577 -0.24660822749137878418 -0.04352479055523872375 -0.06697610765695571899 0.10543954372406005859 0.01735704764723777771 0.09077461808919906616 -0.10658145695924758911 -0.28773796558380126953 -0.01143785752356052399 -0.24913778901100158691 0.18222095072269439697 -0.21284097433090209961 -0.04770408943295478821 -0.13004025816917419434 -0.19047385454177856445 0.06845200806856155396 -0.06706230342388153076 -0.15356051921844482422 0.34896540641784667969 -0.11911816149950027466 -0.29122424125671386719 0.18647493422031402588 -0.03830458596348762512 0.20525290071964263916 0.31191027164459228516 -0.02809520438313484192 -0.07188464701175689697 0.03091061487793922424 -0.05276985839009284973 0.12810975313186645508 
-0.05163542181253433228 -0.03963823989033699036 -0.06903593987226486206 0.37443408370018005371 -0.06416951119899749756 0.15520066022872924805 -0.23066280782222747803 0.06331973522901535034 0.16640287637710571289 0.07472322136163711548 -0.11331248283386230469 -0.02571933157742023468 -0.13857670128345489502 -0.04781917482614517212 0.30897662043571472168 -0.17060905694961547852 -0.06833697855472564697 -0.12738026678562164307 -0.12082153558731079102 0.08059788495302200317 0.01436875946819782257 -0.14867520332336425781 0.10758731514215469360 0.05691796168684959412 0.15973970293998718262 -0.14833761751651763916 0.38256859779357910156 -0.32422205805778503418 -0.10038758069276809692 0.08958219736814498901 -0.12002212554216384888 -0.26383164525032043457 -0.05361239984631538391 -0.02729720994830131531 -0.05938620865345001221 0.06022117659449577332 -0.14472328126430511475 -0.15186199545860290527 0.19234640896320343018 0.02303866483271121979 
-0.17825244367122650146 -0.03574669733643531799 -0.15662698447704315186 -0.17495661973953247070 0.07184562087059020996 -0.15605549514293670654 0.10008319467306137085 -0.20970678329467773438 0.10310586541891098022 -0.09201370179653167725 -0.10286299884319305420 -0.14209027588367462158 0.14456564188003540039 0.03369631618261337280 0.21620015799999237061 0.24053859710693359375 0.00605630781501531601 0.01127273403108119965 0.18923774361610412598 0.31602358818054199219 0.01059984136372804642 -0.02717801183462142944 -0.05099513009190559387 0.09084440767765045166 -0.09602538496255874634 -0.17698472738265991211 0.06525147706270217896 0.14349718391895294189 0.00866490695625543594 0.09185755997896194458 0.13376680016517639160 -0.10497361421585083008 -0.33418098092079162598 0.03722168505191802979 0.30265256762504577637 0.37731575965881347656 0.06836575269699096680 -0.14159512519836425781 0.16959115862846374512 0.03020358271896839142 
-0.08976358175277709961 0.08332451432943344116 0.11817699670791625977 0.21563585102558135986 -0.22994560003280639648 0.03002416715025901794 0.02740148268640041351 -0.29730871319770812988 -0.02305223047733306885 0.20950230956077575684 0.27272585034370422363 0.04988964274525642395 0.13707734644412994385 -0.14688067138195037842 -0.12792040407657623291 -0.15613345801830291748 0.19029626250267028809 -0.13929545879364013672 -0.01830875128507614136 -0.08137101680040359497 -0.00216562696732580662 0.02458978630602359772 0.11730748414993286133 -0.26418435573577880859 -0.13631772994995117188 0.09144689887762069702 -0.30445492267608642578 -0.04644326865673065186 0.13091616332530975342 -0.02913175709545612335 0.00762516679242253304 -0.31520828604698181152 -0.28364241123199462891 0.06352610141038894653 -0.04465552791953086853 0.13135360181331634521 0.02818585559725761414 0.12593191862106323242 0.26528570055961608887 0.05019403249025344849 
-0.04415319859981536865 0.10731654614210128784 -0.13256822526454925537 0.03867093101143836975 -0.20360562205314636230 0.03739957883954048157 0.13722734153270721436 0.06045744568109512329 0.12158634513616561890 0.21103627979755401611 0.06495717167854309082 -0.16027738153934478760 0.20999515056610107422 0.01720976456999778748 -0.12754791975021362305 0.25852003693580627441 -0.21981871128082275391 -0.20016746222972869873 -0.02425708435475826263 -0.07280500233173370361 -0.46165892481803894043 0.24537801742553710938 0.25195059180259704590 0.21395012736320495605 -0.05870690196752548218 0.02500133775174617767 -0.00453526200726628304 -0.15606307983398437500 0.02918398752808570862 0.04470533505082130432 -0.11047835648059844971 0.03275616094470024109 -0.06508310139179229736 -0.21785333752632141113 0.12253443151712417603 -0.06130085512995719910 -0.11690912395715713501 -0.08330620825290679932 -0.15716384351253509521 -0.21949481964111328125 
-0.09880218654870986938 0.01135029923170804977 -0.02763561159372329712 0.18793407082557678223 -0.13470853865146636963 0.12148896604776382446 -0.14289529621601104736 -0.03410075977444648743 0.06375290453433990479 -0.28296923637390136719 0.08065830916166305542 -0.06191216409206390381 -0.25153234601020812988 -0.16512899100780487061 -0.14946611225605010986 0.10549849271774291992 0.25380334258079528809 -0.04957136139273643494 0.24446740746498107910 -0.16995754837989807129 0.07083953917026519775 0.07676412910223007202 0.09535113722085952759 0.01914835534989833832 -0.12484297156333923340 0.13524994254112243652 0.08261425048112869263 0.32602468132972717285 0.03643244504928588867 0.10381430387496948242 -0.05962632596492767334 -0.09855648875236511230 0.29469785094261169434 -0.04324996843934059143 0.00924855004996061325 0.28033742308616638184 -0.07537641376256942749 -0.31048956513404846191 -0.11280171573162078857 -0.22493156790733337402 
-0.07973942905664443970 0.07323711365461349487 -0.28299859166145324707 0.19867250323295593262 -0.03338161110877990723 0.11735792458057403564 -0.01867393217980861664 -0.16429995000362396240 0.10990003496408462524 -0.02164138853549957275 0.07849586009979248047 0.44092077016830444336 0.04483700543642044067 -0.08356618881225585938 -0.28028312325477600098 -0.16679038107395172119 -0.10594738274812698364 0.17710609734058380127 0.07310274243354797363 -0.06126948073506355286 -0.26780834794044494629 -0.22111904621124267578 -0.20609892904758453369 0.10310062021017074585 -0.25323069095611572266 -0.20763003826141357422 0.16040067374706268311 0.03713094070553779602 -0.03619579970836639404 0.16240662336349487305 -0.02119223959743976593 0.23509067296981811523 -0.06217797845602035522 0.12504974007606506348 0.05928983911871910095 -0.00594569416716694832 0.08631943911314010620 0.01602929271757602692 -0.06174087524414062500 0.14236311614513397217 
-0.22138281166553497314 -0.07444364577531814575 -0.10066210478544235229 0.19164939224720001221 0.14524656534194946289 0.09283486753702163696 -0.02830574288964271545 0.11614581197500228882 -0.03144530951976776123 0.11185856908559799194 0.23177820444107055664 -0.13465896248817443848 0.09779112040996551514 0.38608518242835998535 -0.08150290697813034058 0.11221005767583847046 0.07619789242744445801 0.19458229839801788330 0.01393536105751991272 0.07156009972095489502 0.10937321186065673828 -0.33230888843536376953 0.18053038418292999268 0.07160153985023498535 0.15838359296321868896 0.05586020275950431824 -0.25496476888656616211 0.00258440873585641384 -0.11575093120336532593 0.28254625201225280762 -0.01637885719537734985 -0.11002533137798309326 -0.00099286751355975866 0.33169776201248168945 0.08504453301429748535 -0.11185177415609359741 -0.04024009779095649719 -0.01206646766513586044 -0.18124303221702575684 -0.13808213174343109131 
-0.02938390895724296570 0.21674336493015289307 0.09744478762149810791 0.00221760314889252186 -0.12994238734245300293 0.30353763699531555176 0.12686161696910858154 -0.07243710756301879883 -0.03011301159858703613 -0.01990278065204620361 -0.29003420472145080566 0.06941136717796325684 0.43262147903442382812 -0.13984803855419158936 0.12830598652362823486 -0.04347722604870796204 0.05290730297565460205 0.15094622969627380371 -0.03417744114995002747 0.05025738477706909180 -0.09799195826053619385 -0.04980254173278808594 -0.14332160353660583496 -0.26290956139564514160 0.35340937972068786621 0.10611991584300994873 -0.08970140665769577026 -0.03954512625932693481 0.00773156573995947838 0.00465669576078653336 -0.10629680752754211426 0.00666177272796630859 0.15714491903781890869 0.05248511955142021179 0.08528690785169601440 0.07760455459356307983 0.18573744595050811768 -0.32925233244895935059 -0.15789103507995605469 -0.01367184240370988846 
-0.21451701223850250244 0.00943866558372974396 0.05298599228262901306 -0.02020279131829738617 0.25298047065734863281 -0.04498146101832389832 0.26581174135208129883 0.09796468168497085571 0.17711988091468811035 -0.16319708526134490967 0.04953557625412940979 0.21984970569610595703 -0.00543036125600337982 -0.09538758546113967896 0.20582155883312225342 -0.08989049494266510010 0.05669145286083221436 -0.16002300381660461426 0.10702697932720184326 -0.16013528406620025635 0.08145428448915481567 0.08366290479898452759 0.10514275729656219482 -0.25381609797477722168 -0.06185016781091690063 -0.22246906161308288574 -0.09823329746723175049 -0.02955012023448944092 -0.39913833141326904297 -0.00497257569804787636 -0.26573577523231506348 -0.06228462979197502136 -0.15398785471916198730 -0.13005588948726654053 0.02443879097700119019 0.02245443500578403473 -0.04159802943468093872 0.14726261794567108154 -0.33393001556396484375 -0.08174097537994384766 
-0.28779503703117370605 -0.19431422650814056396 -0.09262004494667053223 -0.05816234648227691650 0.20117476582527160645 0.00770316971465945244 0.10758599638938903809 -0.01757919602096080780 -0.00738936895504593849 0.08493960648775100708 0.01549514103680849075 -0.18340824544429779053 -0.00793861038982868195 -0.21536147594451904297 -0.11217962950468063354 -0.25289896130561828613 -0.15877994894981384277 0.31472632288932800293 -0.02666828036308288574 0.12663799524307250977 -0.11636010557413101196 0.17158067226409912109 0.13997641205787658691 -0.19109563529491424561 -0.00187774677760899067 0.36575868725776672363 0.31696504354476928711 0.05104582756757736206 -0.01587936840951442719 -0.17591761052608489990 -0.14964802563190460205 0.04210786148905754089 0.02424527518451213837 0.21587227284908294678 0.09228327125310897827 0.08156744390726089478 -0.12666992843151092529 0.15523578226566314697 0.07213290780782699585 -0.10429280996322631836 
-0.11356379091739654541 -0.00638582976534962654 -0.02293061465024948120 0.13776549696922302246 0.06840376555919647217 -0.00392305431887507439 -0.01398313138633966446 -0.08464913815259933472 0.03838835656642913818 0.08774086833000183105 -0.13486789166927337646 -0.20309482514858245850 0.14210145175457000732 -0.05068314820528030396 0.00663365935906767845 0.14061392843723297119 0.07372932881116867065 -0.07215309888124465942 -0.29378110170364379883 -0.22700953483581542969 -0.02960763871669769287 0.07287400215864181519 0.13174234330654144287 0.15906670689582824707 0.04717245697975158691 -0.19493015110492706299 0.15339699387550354004 0.19315378367900848389 0.05427769944071769714 -0.10526802390813827515 0.09603092074394226074 -0.12066652625799179077 0.15363727509975433350 0.19663195312023162842 -0.18305945396423339844 0.24411545693874359131 0.22559130191802978516 0.29637783765792846680 -0.31116107106208801270 0.34233140945434570312 
-0.22413197159767150879 0.00270847463980317116 0.02802735008299350739 -0.02874034084379673004 -0.25032642483711242676 -0.21497382223606109619 0.15390345454216003418 0.23194186389446258545 -0.00695486739277839661 -0.02950400114059448242 -0.13876096904277801514 0.18201862275600433350 0.00232756044715642929 0.22752682864665985107 0.01037827041000127792 -0.03954879567027091980 -0.05881385505199432373 0.18162250518798828125 -0.18819358944892883301 0.06284572929143905640 -0.00558677455410361290 0.18230944871902465820 -0.00670648925006389618 -0.21345965564250946045 -0.15394441783428192139 -0.06926376372575759888 -0.05650253221392631531 -0.14748901128768920898 0.11075479537248611450 0.40588855743408203125 0.14628930389881134033 -0.04296759516000747681 0.30972898006439208984 -0.06717613339424133301 -0.09634320437908172607 0.28950774669647216797 -0.18317100405693054199 0.11243583261966705322 0.07718284428119659424 0.03086508437991142273 
-0.16694714128971099854 -0.05068216472864151001 0.11605644971132278442 -0.15323917567729949951 -0.02705155313014984131 -0.15416896343231201172 -0.12827847898006439209 -0.20022934675216674805 -0.04843759909272193909 -0.06979392468929290771 -0.06795851886272430420 -0.24702452123165130615 0.23999233543872833252 -0.30625233054161071777 0.16642072796821594238 -0.04681206867098808289 0.00402324786409735680 0.09142890572547912598 0.18825431168079376221 -0.19885729253292083740 -0.11586327105760574341 -0.29693579673767089844 -0.17533896863460540771 0.19808459281921386719 -0.13426919281482696533 0.04096036404371261597 -0.11441390216350555420 -0.19106180965900421143 -0.10106396675109863281 0.10675719380378723145 0.10067003965377807617 0.00008009383600438014 0.08298029005527496338 -0.00106511521153151989 -0.29470965266227722168 -0.04977707937359809875 -0.36086040735244750977 0.07488977909088134766 -0.06948268413543701172 -0.06762682646512985229 
-0.23489733040332794189 -0.08100868016481399536 0.08664393424987792969 -0.11471339315176010132 -0.22457574307918548584 -0.13594043254852294922 -0.07789542526006698608 0.04606277868151664734 0.22951123118400573730 0.26335555315017700195 0.20998102426528930664 0.23560187220573425293 -0.09896190464496612549 -0.09344698488712310791 0.18149383366107940674 0.22783352434635162354 0.08878334611654281616 0.14397545158863067627 -0.16000808775424957275 -0.06419043987989425659 0.06420157104730606079 0.00562547333538532257 0.06038345396518707275 0.16956327855587005615 0.16148746013641357422 0.11875182390213012695 -0.09991373866796493530 0.05180929601192474365 -0.21489150822162628174 -0.14894795417785644531 -0.12900149822235107422 0.38229376077651977539 -0.05283262580633163452 0.06370741128921508789 -0.18392701447010040283 0.16049626469612121582 0.05573960766196250916 -0.19487079977989196777 0.15044048428535461426 0.08029048889875411987 
-0.06629516929388046265 0.29439172148704528809 -0.07874860614538192749 0.14131629467010498047 0.11041041463613510132 -0.21218805015087127686 0.07100987434387207031 0.38993394374847412109 -0.15642271935939788818 0.11049840599298477173 -0.17761138081550598145 -0.12796255946159362793 -0.10048452764749526978 -0.19910286366939544678 -0.02721830084919929504 -0.31230407953262329102 -0.00691159395501017570 -0.30053457617759704590 -0.11231237649917602539 0.06282002478837966919 -0.12233912199735641479 -0.10751225799322128296 -0.07618432492017745972 0.13388101756572723389 -0.04554241523146629333 -0.06158580258488655090 -0.28174519538879394531 0.16592477262020111084 -0.07546150684356689453 -0.08113932609558105469 0.05358133092522621155 0.14298708736896514893 0.00955260079354047775 0.24053235352039337158 0.07320880144834518433 0.15363068878650665283 -0.01998649537563323975 -0.13148926198482513428 0.11471783369779586792 -0.11196405440568923950 
-0.02611292712390422821 0.34429195523262023926 0.14343537390232086182 0.15309821069240570068 0.04814426973462104797 -0.15011093020439147949 -0.16998305916786193848 0.08796510100364685059 0.24968850612640380859 0.01124920882284641266 -0.00044951634481549263 -0.15664817392826080322 0.12415275722742080688 -0.14136870205402374268 -0.06940908730030059814 0.17794074118137359619 0.08288600295782089233 0.13254725933074951172 -0.13450355827808380127 -0.02288120612502098083 0.30675226449966430664 0.25310355424880981445 -0.27741906046867370605 -0.06951701641082763672 -0.12408891320228576660 -0.06480963528156280518 0.19263166189193725586 -0.08208034932613372803 0.11738670617341995239 0.17958641052246093750 -0.06924556195735931396 0.11007400602102279663 -0.20258121192455291748 0.18584856390953063965 -0.00305510545149445534 -0.20120631158351898193 0.07721307128667831421 0.05951089411973953247 -0.01726013422012329102 -0.28483638167381286621 
-0.10662548243999481201 -0.09697827696800231934 -0.31296020746231079102 0.03170064091682434082 -0.29601138830184936523 0.13940352201461791992 0.23328474164009094238 0.19345356523990631104 -0.12531498074531555176 0.07641895115375518799 -0.08145192265510559082 -0.05422777682542800903 0.02088133990764617920 0.08957096189260482788 0.07170038670301437378 -0.22425866127014160156 0.34796744585037231445 0.13878341019153594971 0.12638932466506958008 -0.15239320695400238037 0.19887164235115051270 0.23440489172935485840 -0.13644133508205413818 0.18634958565235137939 -0.03501064702868461609 0.05103455111384391785 0.09185808151960372925 -0.09230213612318038940 -0.02619416639208793640 -0.16324102878570556641 0.26802358031272888184 -0.01570852100849151611 -0.27813324332237243652 -0.01342101022601127625 -0.02670036442577838898 -0.11237087845802307129 -0.07368235290050506592 -0.09382309764623641968 -0.17516617476940155029 0.05466090515255928040 
-0.20275565981864929199 -0.08231500536203384399 0.09656563401222229004 0.08603212982416152954 -0.00418321602046489716 0.20352406799793243408 0.25074481964111328125 -0.14155530929565429688 -0.14628404378890991211 -0.06569811701774597168 0.17430734634399414062 -0.32850554585456848145 -0.12309026718139648438 -0.07228238880634307861 -0.05601185932755470276 -0.05797238275408744812 0.11769261956214904785 -0.10498397052288055420 -0.09882920235395431519 -0.10085098445415496826 0.01770685240626335144 -0.06544580310583114624 -0.06090903282165527344 -0.05982112139463424683 0.28107672929763793945 -0.22553905844688415527 0.07991027086973190308 -0.02578705362975597382 0.00876388698816299438 0.25472447276115417480 0.10340961813926696777 0.44501638412475585938 0.01450921967625617981 -0.26357707381248474121 0.11663220077753067017 0.00670673511922359467 0.07981225103139877319 0.14092300832271575928 0.20163270831108093262 -0.05117709934711456299 
-0.20942622423171997070 0.20842844247817993164 0.24184349179267883301 0.01825845241546630859 0.12965297698974609375 0.11143588274717330933 0.15475364029407501221 -0.07083833962678909302 -0.32325655221939086914 -0.09123299270868301392 -0.05379607528448104858 0.01781420968472957611 -0.13791775703430175781 0.13803538680076599121 -0.27088665962219238281 0.22101689875125885010 -0.03254004195332527161 0.00498612038791179657 -0.25385254621505737305 -0.00039901956915855408 0.00067385658621788025 0.00727493269369006157 -0.27945354580879211426 0.16781395673751831055 -0.06850233674049377441 0.16543349623680114746 0.09562536329030990601 -0.03420008346438407898 -0.22200624644756317139 -0.03608623892068862915 -0.20102109014987945557 -0.19673703610897064209 -0.17492695152759552002 -0.09066867083311080933 -0.03633196651935577393 0.05280012637376785278 -0.22202415764331817627 -0.15609806776046752930 0.03061483800411224365 0.24064444005489349365 
-0.09013714641332626343 0.15108205378055572510 -0.12168250232934951782 -0.21379928290843963623 -0.08701635897159576416 0.20345333218574523926 -0.18965703248977661133 0.08433228731155395508 -0.11154537647962570190 0.02487054839730262756 0.18689373135566711426 -0.00405320990830659866 -0.08368454128503799438 -0.16892540454864501953 0.08233127743005752563 -0.17545329034328460693 -0.14867557585239410400 0.01851996779441833496 0.14087954163551330566 0.19886970520019531250 0.15583252906799316406 0.19145512580871582031 -0.14468437433242797852 0.34163349866867065430 0.15316623449325561523 0.02529331855475902557 -0.18405376374721527100 -0.03365141153335571289 0.15174856781959533691 0.21505136787891387939 -0.34386327862739562988 -0.11989517509937286377 0.02035400271415710449 -0.09265561401844024658 0.02396617829799652100 0.15433114767074584961 0.13018403947353363037 0.28202715516090393066 -0.11982174217700958252 0.09855441749095916748 
-0.10862381011247634888 0.30836036801338195801 -0.10432861745357513428 -0.40945556759834289551 0.04308822378516197205 0.12112584710121154785 0.01769588887691497803 -0.05100005865097045898 0.18181508779525756836 0.02038359642028808594 0.19370613992214202881 -0.00107067730277776718 0.13112457096576690674 0.20921842753887176514 -0.28214904665946960449 -0.16230167448520660400 -0.08156092464923858643 -0.11399150639772415161 0.01415178459137678146 -0.08754582703113555908 0.21909815073013305664 -0.10078454762697219849 0.04350862652063369751 -0.01335329283028841019 0.13761056959629058838 -0.27258893847465515137 0.15499284863471984863 -0.08846560865640640259 0.06143285334110260010 -0.28224942088127136230 0.08386039733886718750 -0.05705126374959945679 0.13109639286994934082 0.05729218944907188416 -0.16562117636203765869 0.16747775673866271973 -0.16620844602584838867 -0.10429130494594573975 0.08916421234607696533 -0.16811500489711761475 
-0.21536843478679656982 -0.12165173143148422241 -0.05795316398143768311 -0.17591823637485504150 -0.07090730965137481689 0.08507002890110015869 -0.19806402921676635742 0.20390336215496063232 -0.12691050767898559570 0.15981522202491760254 0.11377396434545516968 0.00970067083835601807 0.01055201515555381775 -0.13681307435035705566 -0.05780319496989250183 0.20996981859207153320 0.00429398566484451294 -0.27060583233833312988 0.20366206765174865723 0.10026258230209350586 -0.18271395564079284668 0.17595000565052032471 -0.18960127234458923340 -0.32980501651763916016 0.13019372522830963135 -0.18920993804931640625 0.11045106500387191772 0.19066025316715240479 -0.10573200881481170654 0.12813679873943328857 0.10413574427366256714 -0.11167659610509872437 0.04079416394233703613 0.20864596962928771973 -0.10597612708806991577 -0.28712409734725952148 -0.10602764040231704712 -0.07133509218692779541 0.05291158705949783325 0.21550683677196502686 
-0.04929855838418006897 -0.01967199519276618958 -0.30212217569351196289 0.02284396626055240631 -0.13542437553405761719 -0.22990441322326660156 0.09595887362957000732 0.00745326094329357147 -0.13009104132652282715 -0.16428069770336151123 0.15202644467353820801 0.20483736693859100342 -0.15079827606678009033 -0.30123329162597656250 -0.00482168141752481461 0.25838744640350341797 -0.04982480406761169434 -0.01905159279704093933 -0.28708136081695556641 0.06195933371782302856 0.00908622611314058304 -0.25958532094955444336 -0.14562976360321044922 -0.09011109173297882080 0.29829978942871093750 0.05218380317091941833 0.03648901730775833130 -0.05892090499401092529 0.18425196409225463867 -0.15137676894664764404 0.14991044998168945312 -0.19521984457969665527 -0.06204547733068466187 -0.05379102379083633423 0.06770516186952590942 -0.00728119583800435066 -0.06389977037906646729 0.13174156844615936279 -0.20336708426475524902 -0.24828030169010162354 
-0.21286690235137939453 -0.07791888713836669922 -0.06163943931460380554 0.24299097061157226562 0.08940955251455307007 0.03107769042253494263 -0.03834731131792068481 -0.20164631307125091553 -0.23808887600898742676 -0.15573392808437347412 0.21169780194759368896 0.18186828494071960449 0.26307433843612670898 0.11037984490394592285 0.25698485970497131348 0.01372655853629112244 -0.22119259834289550781 -0.27030968666076660156 -0.04357786476612091064 0.05242731794714927673 0.16880181431770324707 0.27031549811363220215 -0.11545506119728088379 0.14142842590808868408 -0.14865393936634063721 0.10315437614917755127 -0.00641028396785259247 -0.09508566558361053467 -0.10097362101078033447 -0.16113103926181793213 0.15759837627410888672 0.08067169040441513062 0.29901573061943054199 0.10977942496538162231 0.03953510522842407227 -0.07376781851053237915 0.11534136533737182617 -0.03627450391650199890 0.09871725738048553467 -0.15663258731365203857 
-0.13160768151283264160 -0.12392426282167434692 -0.16911798715591430664 0.25105205178260803223 0.15488104522228240967 -0.00611114688217639923 -0.16302208602428436279 0.09201014041900634766 0.29780137538909912109 -0.22779601812362670898 0.05015381798148155212 -0.19420541822910308838 0.10943721234798431396 -0.00334202311933040619 -0.18341314792633056641 -0.05323612689971923828 -0.20443744957447052002 0.00127532146871089935 -0.05038181319832801819 0.19689095020294189453 0.07993641495704650879 0.06171588599681854248 -0.09613715112209320068 -0.15544955432415008545 0.05241294205188751221 0.07621886581182479858 -0.29096966981887817383 -0.00774342194199562073 0.12166852504014968872 -0.12509678304195404053 0.10068184882402420044 0.13501948118209838867 -0.13245883584022521973 -0.31016719341278076172 -0.23949101567268371582 0.03808304294943809509 -0.07715106010437011719 -0.18273736536502838135 -0.11695741862058639526 0.28804787993431091309 

R = 
-3.44792771339416503906 -2.40075445175170898438 -2.96577930450439453125 -2.81896734237670898438 -2.54298925399780273438 -3.13669157028198242188 -3.11561727523803710938 -2.84842872619628906250 -2.71184015274047851562 -2.69711446762084960938 -2.26723003387451171875 -2.93061161041259765625 -2.91027259826660156250 -2.42376255989074707031 -2.79817485809326171875 -2.73826837539672851562 -2.56081986427307128906 -2.72202110290527343750 -2.31835985183715820312 -3.05396127700805664062 -3.37340545654296875000 -2.44860696792602539062 -2.68217825889587402344 -2.88262581825256347656 -2.93902301788330078125 -2.83140945434570312500 -2.74812555313110351562 -2.83517575263977050781 -2.55029582977294921875 -2.60678672790527343750 -2.93258643150329589844 -2.81052207946777343750 -2.58004236221313476562 -2.72871375083923339844 -2.69834303855895996094 -2.35879516601562500000 -2.35991072654724121094 -2.22895050048828125000 -2.00544810295104980469 -1.89966619014739990234 
0.00000000000000000000 2.37323904037475585938 0.87295460700988769531 1.52868485450744628906 1.15774273872375488281 1.31472349166870117188 0.81755119562149047852 1.76603603363037109375 1.24315702915191650391 1.18550062179565429688 1.43348741531372070312 0.89555478096008300781 1.10837757587432861328 1.22951292991638183594 1.22118663787841796875 1.13223385810852050781 1.33818316459655761719 1.71406340599060058594 1.42821085453033447266 1.23467648029327392578 1.10649681091308593750 1.33653175830841064453 1.18695080280303955078 0.90392404794692993164 0.80198490619659423828 1.13658058643341064453 1.19697928428649902344 0.40329441428184509277 0.88172620534896850586 1.13994681835174560547 0.89172637462615966797 0.81466788053512573242 1.03781569004058837891 1.22996246814727783203 1.28346967697143554688 1.36774075031280517578 0.87211525440216064453 1.13296771049499511719 1.20930719375610351562 0.96516931056976318359 
