Q = 
-0.11984777450561523438 0.23715871572494506836 0.07808722555637359619 0.06116847693920135498 0.15589162707328796387 0.13860712945461273193 -0.17332664132118225098 -0.11125852912664413452 -0.12280847132205963135 0.14839409291744232178 -0.08969324082136154175 0.15864753723144531250 -0.13734398782253265381 0.24252441525459289551 0.20730188488960266113 0.03763226792216300964 0.19073045253753662109 -0.15277038514614105225 0.14029860496520996094 0.22991394996643066406 -0.19432595372200012207 -0.03000497631728649139 0.02651707269251346588 -0.11862446367740631104 0.00709801167249679565 0.16634012758731842041 0.11080080270767211914 0.01899088360369205475 0.24834150075912475586 -0.04601500183343887329 0.11309224367141723633 0.28363898396492004395 -0.18280923366546630859 -0.04028280824422836304 -0.24431666731834411621 0.15896798670291900635 -0.15012666583061218262 0.17394162714481353760 -0.25181934237480163574 0.14809715747833251953 
-0.18711438775062561035 -0.04716306924819946289 -0.19694393873214721680 -0.14883007109165191650 0.18418709933757781982 0.09827443957328796387 -0.02426409907639026642 -0.16533492505550384521 -0.07657107710838317871 0.07392766326665878296 -0.09231247752904891968 -0.10795047879219055176 -0.34944805502891540527 0.06940791010856628418 0.15606708824634552002 -0.00649409741163253784 -0.10327614843845367432 0.18923506140708923340 -0.15542481839656829834 -0.21468484401702880859 -0.19346490502357482910 0.09953653812408447266 -0.07827017456293106079 -0.10094341635704040527 -0.15049150586128234863 -0.17024962604045867920 -0.21250377595424652100 -0.06516641378402709961 0.14937433600425720215 0.01387413591146469116 -0.04953847452998161316 -0.15357173979282379150 -0.04743345454335212708 0.00053489580750465393 -0.26199918985366821289 -0.10869083553552627563 0.33892872929573059082 -0.25588643550872802734 0.04710458964109420776 0.22859066724777221680 
-0.04001017659902572632 0.23630583286285400391 -0.12939719855785369873 -0.05585787817835807800 0.21347826719284057617 0.31412574648857116699 -0.14580833911895751953 0.21137338876724243164 0.23523883521556854248 -0.16217446327209472656 0.07344842702150344849 0.03934125602245330811 0.01034326478838920593 0.00077113509178161621 0.22126471996307373047 0.14435948431491851807 0.18924568593502044678 0.14734873175621032715 -0.11498512327671051025 -0.23559577763080596924 -0.22621853649616241455 0.02480959333479404449 -0.06481369584798812866 0.01083079539239406586 -0.02993660420179367065 0.13331986963748931885 -0.14171181619167327881 0.01524194143712520599 -0.00524147599935531616 -0.11018338799476623535 0.19723254442214965820 -0.07618985325098037720 0.09113031625747680664 -0.07230555266141891479 0.28312727808952331543 -0.03655629605054855347 -0.14764592051506042480 0.23729482293128967285 0.30214387178421020508 -0.10664879530668258667 
-0.28389137983322143555 -0.14592380821704864502 0.17390324175357818604 -0.02598141320049762726 -0.10095038264989852905 0.10157461464405059814 -0.17787677049636840820 0.16290093958377838135 -0.14245453476905822754 -0.20397298038005828857 -0.17218086123466491699 0.14273433387279510498 0.24268089234828948975 -0.04907661303877830505 -0.10095424205064773560 -0.04089894518256187439 0.18891516327857971191 0.12138405442237854004 -0.16297395527362823486 0.23871359229087829590 -0.03879221156239509583 -0.06923350691795349121 0.25017154216766357422 0.17102412879467010498 -0.10409890115261077881 -0.28413394093513488770 -0.01236381381750106812 0.22779008746147155762 0.11930872499942779541 -0.18156224489212036133 -0.12588362395763397217 -0.04054963216185569763 -0.07562565803527832031 -0.19267295300960540771 -0.06338597089052200317 -0.22100068628787994385 0.03046099096536636353 0.07698771357536315918 0.13482756912708282471 0.20564319193363189697 
-0.18856245279312133789 0.08061166107654571533 0.02312947809696197510 0.14501586556434631348 -0.15030710399150848389 -0.12264007329940795898 0.13910558819770812988 0.16575360298156738281 0.13955281674861907959 0.12459729611873626709 -0.04691363498568534851 -0.06845250725746154785 0.06632832437753677368 0.23899695277214050293 0.06725558638572692871 -0.00512050092220306396 -0.20463617146015167236 -0.03214502334594726562 0.26471003890037536621 -0.14332595467567443848 -0.01513782422989606857 -0.25943127274513244629 -0.27088505029678344727 -0.02447662688791751862 0.03854160010814666748 0.21042211353778839111 0.16112224757671356201 0.31835514307022094727 -0.02204798907041549683 -0.08767823129892349243 -0.08017210662364959717 -0.16399915516376495361 0.03512044623494148254 -0.26934784650802612305 -0.14193359017372131348 -0.06368213146924972534 0.28271350264549255371 0.19936835765838623047 0.16392615437507629395 0.09917344152927398682 
-0.13147518038749694824 0.14709486067295074463 -0.19904498755931854248 -0.15938290953636169434 0.16537390649318695068 -0.33240181207656860352 -0.13298018276691436768 0.09388410300016403198 -0.17003186047077178955 -0.24491924047470092773 0.03220000118017196655 0.07142136245965957642 0.16962534189224243164 0.01896300911903381348 -0.07402621209621429443 -0.07125332951545715332 0.21902668476104736328 -0.14550372958183288574 0.03905989974737167358 -0.19108271598815917969 -0.06303472816944122314 -0.03403168544173240662 0.27638247609138488770 0.00073503976454958320 0.10790841281414031982 0.27776700258255004883 0.19765287637710571289 -0.20762053132057189941 0.07249347865581512451 0.22905704379081726074 -0.06636033207178115845 0.03531558811664581299 -0.09310849010944366455 -0.06998954713344573975 -0.07456652075052261353 -0.06851964443922042847 0.29547777771949768066 -0.12668642401695251465 0.11230296641588211060 -0.18481662869453430176 
-0.01424809079617261887 0.10111440718173980713 -0.25605684518814086914 0.11005961149930953979 -0.03385055065155029297 0.02961378917098045349 -0.24707987904548645020 -0.01050212420523166656 -0.24703493714332580566 0.15572988986968994141 -0.31110444664955139160 -0.03835592046380043030 -0.03370147198438644409 -0.07530415803194046021 -0.24022887647151947021 0.28273406624794006348 -0.02628764510154724121 0.13151016831398010254 0.23048430681228637695 -0.00589456362649798393 0.18048380315303802490 -0.00530513608828186989 0.11439805477857589722 -0.16966292262077331543 -0.02187977731227874756 -0.08147339522838592529 -0.11008284986019134521 -0.26054868102073669434 -0.35568380355834960938 -0.16594412922859191895 0.01218395400792360306 0.09509002417325973511 0.06940229237079620361 -0.14535525441169738770 0.02434828132390975952 0.15707002580165863037 0.11647967249155044556 0.20592023432254791260 0.11492316424846649170 0.06601927429437637329 
-0.17426563799381256104 -0.01498535275459289551 0.08862704783678054810 0.07616120576858520508 0.03503850847482681274 -0.20822788774967193604 -0.17118407785892486572 -0.28944233059883117676 0.11365456134080886841 -0.00640016701072454453 -0.33163133263587951660 0.20003047585487365723 -0.10626043379306793213 0.10924475640058517456 -0.14238533377647399902 -0.15011098980903625488 -0.12120591104030609131 0.00465123355388641357 0.09967196732759475708 -0.23700481653213500977 -0.01212073396891355515 0.27118724584579467773 0.01460518687963485718 0.15662950277328491211 0.47607195377349853516 -0.01897667720913887024 -0.14452837407588958740 0.14233484864234924316 0.01446432527154684067 0.06348040699958801270 0.12557528913021087646 -0.06231861934065818787 -0.09496229141950607300 0.03171047568321228027 0.18821240961551666260 -0.12125839293003082275 -0.17358189821243286133 0.04668133705854415894 0.03904635831713676453 0.06179654598236083984 
-0.11058306694030761719 0.29740586876869201660 0.00190092145930975676 0.10327846556901931763 0.09416326135396957397 0.09810630232095718384 0.32225197553634643555 0.00454602902755141258 -0.06823175400495529175 0.07770379632711410522 -0.06263145059347152710 0.10750375688076019287 -0.08429605513811111450 -0.26484039425849914551 0.14104782044887542725 0.16908948123455047607 -0.27423572540283203125 0.12319810688495635986 0.19855125248432159424 -0.01980558224022388458 0.28143665194511413574 -0.06235266104340553284 0.38478520512580871582 0.05224810540676116943 -0.04868355765938758850 -0.02596532553434371948 -0.00441028410568833351 0.10677261650562286377 0.25758722424507141113 0.06405826658010482788 0.12756469845771789551 0.02672240696847438812 0.02849199436604976654 0.00061143597122281790 -0.10086713731288909912 -0.24812112748622894287 -0.12032644450664520264 -0.09190721064805984497 0.08472698181867599487 -0.21388152241706848145 
-0.00056677340762689710 0.25613790750503540039 -0.14058198034763336182 -0.18591091036796569824 -0.35819646716117858887 0.07988218218088150024 -0.19188897311687469482 -0.19377353787422180176 -0.00093399605248123407 -0.15341266989707946777 -0.04010781273245811462 -0.14944580197334289551 -0.07281619310379028320 0.06942328065633773804 0.12378678470849990845 -0.15799742937088012695 -0.20868079364299774170 -0.04950677976012229919 -0.30969479680061340332 0.05563922971487045288 0.09083960205316543579 -0.06418646126985549927 0.19391873478889465332 -0.15178003907203674316 -0.13304860889911651611 0.15633703768253326416 0.02023289352655410767 0.29098808765411376953 -0.35024940967559814453 0.14079160988330841064 0.13855388760566711426 0.06926628202199935913 -0.13190868496894836426 -0.01901989430189132690 0.03151023015379905701 -0.15937499701976776123 -0.00362679362297058105 0.04783120006322860718 -0.12086559832096099854 -0.01796771213412284851 
-0.03681714087724685669 0.00352197675965726376 -0.35033702850341796875 -0.04914910346269607544 0.11797737330198287964 -0.06870783120393753052 0.16559214890003204346 -0.29277849197387695312 0.22552961111068725586 0.25489857792854309082 -0.19837296009063720703 0.01714876294136047363 0.00220276275649666786 -0.01834378205239772797 -0.04698861390352249146 0.00626897113397717476 0.37807300686836242676 -0.19255600869655609131 -0.15096974372863769531 0.25463247299194335938 0.12813051044940948486 -0.02180886454880237579 -0.09008669853210449219 0.05126360058784484863 -0.06650543957948684692 0.10265111178159713745 -0.06128734350204467773 0.07506828010082244873 -0.01213220227509737015 0.09116507321596145630 -0.21770657598972320557 -0.02153064496815204620 0.31179833412170410156 -0.14679604768753051758 -0.03118553571403026581 -0.25594517588615417480 -0.11997372657060623169 0.03690952435135841370 0.07390777766704559326 -0.03479886800050735474 
-0.04947518557310104370 0.27661859989166259766 -0.03813058882951736450 0.16053585708141326904 -0.25551411509513854980 -0.26429376006126403809 0.08048764616250991821 -0.14159791171550750732 -0.01904000155627727509 -0.30174723267555236816 0.12943339347839355469 -0.20984339714050292969 -0.16217300295829772949 0.18377730250358581543 0.12096621096134185791 0.00025417903088964522 0.12279733270406723022 0.17076249420642852783 0.17815144360065460205 0.16140724718570709229 -0.22509703040122985840 0.07919869571924209595 0.02332019060850143433 -0.05367659777402877808 0.08996632695198059082 -0.20799399912357330322 -0.04474146291613578796 -0.10367362946271896362 0.01812888495624065399 -0.28839328885078430176 -0.26069957017898559570 0.05080414190888404846 0.14952832460403442383 0.18028648197650909424 -0.00042946293251588941 -0.17017665505409240723 -0.04861675947904586792 0.05508516728878021240 0.02200196683406829834 -0.18704213201999664307 
-0.21745611727237701416 0.10934436321258544922 0.19926747679710388184 -0.01956897042691707611 0.06504224985837936401 -0.21806700527667999268 -0.23352015018463134766 -0.02496634423732757568 -0.06837432831525802612 0.35381656885147094727 0.18370121717453002930 -0.04005281254649162292 -0.06226536631584167480 -0.02786239609122276306 0.04342058673501014709 -0.15749759972095489502 0.05295954272150993347 0.13356216251850128174 -0.01904300227761268616 0.01836035214364528656 0.03021457418799400330 -0.08800103515386581421 -0.01384614408016204834 -0.06129750609397888184 -0.13661096990108489990 -0.08812575787305831909 0.08288602530956268311 -0.05333371087908744812 0.05235816538333892822 -0.12433864921331405640 0.15584918856620788574 -0.07518026977777481079 0.18535508215427398682 -0.32957598567008972168 0.43546107411384582520 -0.07779029011726379395 0.06877455115318298340 -0.19216209650039672852 -0.27761369943618774414 -0.14681862294673919678 
-0.22138740122318267822 0.01004014164209365845 0.26573154330253601074 -0.10090293735265731812 -0.08539190143346786499 0.12567186355590820312 0.12595751881599426270 0.01689642481505870819 0.32626408338546752930 -0.13003097474575042725 -0.11627048254013061523 0.01468672696501016617 -0.25752541422843933105 -0.10730395466089248657 -0.20014744997024536133 0.00602665124461054802 0.04116502776741981506 -0.14127132296562194824 0.09676709026098251343 0.28040662407875061035 -0.08118899166584014893 -0.04968453198671340942 0.04721809551119804382 0.14572601020336151123 -0.04351693764328956604 0.16231192648410797119 -0.03610288724303245544 -0.32571208477020263672 -0.11580362915992736816 -0.02408994734287261963 0.32956820726394653320 -0.09781220555305480957 0.07366539537906646729 0.14070981740951538086 -0.01168815605342388153 -0.11214603483676910400 0.34102380275726318359 0.07897449284791946411 -0.07328213751316070557 0.00441688671708106995 
-0.23331220448017120361 -0.19356933236122131348 -0.00511258980259299278 -0.11119550466537475586 -0.19551765918731689453 0.09934180974960327148 -0.08407585322856903076 0.04357502982020378113 0.04620533436536788940 -0.06340412050485610962 -0.24660834670066833496 -0.04352479055523872375 -0.06697601079940795898 0.10543959587812423706 0.01735698431730270386 0.09077456593513488770 -0.10658173263072967529 -0.28773769736289978027 -0.01143796090036630630 -0.24913771450519561768 0.18222095072269439697 -0.21284095942974090576 -0.04770395159721374512 -0.13004006445407867432 -0.19047375023365020752 0.06845202296972274780 -0.06706239283084869385 -0.15356013178825378418 0.34896537661552429199 -0.11911801993846893311 -0.29122462868690490723 0.18647457659244537354 -0.03830463066697120667 0.20525322854518890381 0.31191048026084899902 -0.02809638157486915588 -0.07188469916582107544 0.03091027960181236267 -0.05276912823319435120 -0.12811011075973510742 
-0.05163541436195373535 -0.03963825479149818420 -0.06903592497110366821 0.37443414330482482910 -0.06416948139667510986 0.15520073473453521729 -0.23066283762454986572 0.06331970542669296265 0.16640295088291168213 0.07472334802150726318 -0.11331240087747573853 -0.02571934275329113007 -0.13857679069042205811 -0.04781920462846755981 0.30897665023803710938 -0.17060901224613189697 -0.06833687424659729004 -0.12738011777400970459 -0.12082118541002273560 0.08059809356927871704 0.01436900347471237183 -0.14867533743381500244 0.10758739709854125977 0.05691814422607421875 0.15973921120166778564 -0.14833723008632659912 0.38256886601448059082 -0.32422211766242980957 -0.10038747638463973999 0.08958216756582260132 -0.12002196162939071655 -0.26383146643638610840 -0.05361229181289672852 -0.02729725465178489685 -0.05938648805022239685 0.06022145599126815796 -0.14472365379333496094 -0.15186202526092529297 0.19234630465507507324 -0.02303789556026458740 
-0.17825241386890411377 -0.03574668616056442261 -0.15662698447704315186 -0.17495669424533843994 0.07184559851884841919 -0.15605555474758148193 0.10008317977190017700 -0.20970673859119415283 0.10310588777065277100 -0.09201373159885406494 -0.10286300629377365112 -0.14209020137786865234 0.14456573128700256348 0.03369636833667755127 0.21620018780231475830 0.24053862690925598145 0.00605641119182109833 0.01127257384359836578 0.18923781812191009521 0.31602337956428527832 0.01059968397021293640 -0.02717803232371807098 -0.05099504813551902771 0.09084422886371612549 -0.09602569788694381714 -0.17698493599891662598 0.06525158137083053589 0.14349730312824249268 0.00866494327783584595 0.09185745567083358765 0.13376742601394653320 -0.10497355461120605469 -0.33418127894401550293 0.03722171112895011902 0.30265295505523681641 0.37731489539146423340 0.06836657226085662842 -0.14159560203552246094 0.16959193348884582520 -0.03020417690277099609 
-0.08976358175277709961 0.08332449942827224731 0.11817697435617446899 0.21563591063022613525 -0.22994552552700042725 0.03002415038645267487 0.02740148827433586121 -0.29730871319770812988 -0.02305219694972038269 0.20950233936309814453 0.27272596955299377441 0.04988967254757881165 0.13707733154296875000 -0.14688050746917724609 -0.12792032957077026367 -0.15613351762294769287 0.19029641151428222656 -0.13929577171802520752 -0.01830901764333248138 -0.08137124776840209961 -0.00216556736268103123 0.02458982728421688080 0.11730747669935226440 -0.26418459415435791016 -0.13631789386272430420 0.09144698828458786011 -0.30445504188537597656 -0.04644345864653587341 0.13091622292995452881 -0.02913177013397216797 0.00762513838708400726 -0.31520861387252807617 -0.28364241123199462891 0.06352602690458297729 -0.04465555399656295776 0.13135369122028350830 0.02818553894758224487 0.12593200802803039551 0.26528602838516235352 -0.05019328743219375610 
-0.04415319487452507019 0.10731653869152069092 -0.13256824016571044922 0.03867093846201896667 -0.20360563695430755615 0.03739960119128227234 0.13722744584083557129 0.06045743077993392944 0.12158628553152084351 0.21103633940219879150 0.06495718657970428467 -0.16027759015560150146 0.20999525487422943115 0.01720966771245002747 -0.12754787504673004150 0.25852009654045104980 -0.21981887519359588623 -0.20016738772392272949 -0.02425711601972579956 -0.07280478626489639282 -0.46165889501571655273 0.24537779390811920166 0.25195109844207763672 0.21395012736320495605 -0.05870703607797622681 0.02500151656568050385 -0.00453529786318540573 -0.15606337785720825195 0.02918401919305324554 0.04470571875572204590 -0.11047831177711486816 0.03275629505515098572 -0.06508335471153259277 -0.21785336732864379883 0.12253481894731521606 -0.06130087748169898987 -0.11690849810838699341 -0.08330667763948440552 -0.15716469287872314453 0.21949464082717895508 
-0.09880217909812927246 0.01135028898715972900 -0.02763562276959419250 0.18793417513370513916 -0.13470855355262756348 0.12148892879486083984 -0.14289531111717224121 -0.03410073369741439819 0.06375280767679214478 -0.28296893835067749023 0.08065822720527648926 -0.06191220879554748535 -0.25153204798698425293 -0.16512873768806457520 -0.14946614205837249756 0.10549844056367874146 0.25380298495292663574 -0.04957140609622001648 0.24446737766265869141 -0.16995760798454284668 0.07083932310342788696 0.07676433026790618896 0.09535103291273117065 0.01914804615080356598 -0.12484265863895416260 0.13524958491325378418 0.08261404931545257568 0.32602486014366149902 0.03643243387341499329 0.10381438583135604858 -0.05962618440389633179 -0.09855601936578750610 0.29469743371009826660 -0.04324975609779357910 0.00924942363053560257 0.28033778071403503418 -0.07537566125392913818 -0.31048938632011413574 -0.11280249059200286865 0.22493118047714233398 
-0.07973942160606384277 0.07323710620403289795 -0.28299856185913085938 0.19867256283760070801 -0.03338159993290901184 0.11735792458057403564 -0.01867398619651794434 -0.16429990530014038086 0.10989999771118164062 -0.02164136245846748352 0.07849591970443725586 0.44092100858688354492 0.04483718052506446838 -0.08356630802154541016 -0.28028327226638793945 -0.16679044067859649658 -0.10594728589057922363 0.17710579931735992432 0.07310276478528976440 -0.06126963347196578979 -0.26780828833580017090 -0.22111903131008148193 -0.20609872043132781982 0.10310035943984985352 -0.25323075056076049805 -0.20762984454631805420 0.16040068864822387695 0.03713094070553779602 -0.03619557991623878479 0.16240669786930084229 -0.02119211293756961823 0.23509062826633453369 -0.06217812001705169678 0.12504969537258148193 0.05928950384259223938 -0.00594622315838932991 0.08631940186023712158 0.01602928340435028076 -0.06174046918749809265 -0.14236390590667724609 
-0.22138278186321258545 -0.07444364577531814575 -0.10066214203834533691 0.19164936244487762451 0.14524658024311065674 0.09283489733934402466 -0.02830576337873935699 0.11614585667848587036 -0.03144530579447746277 0.11185854673385620117 0.23177821934223175049 -0.13465894758701324463 0.09779120981693267822 0.38608524203300476074 -0.08150292932987213135 0.11221013963222503662 0.07619797438383102417 0.19458228349685668945 0.01393550913780927658 0.07156020402908325195 0.10937327891588211060 -0.33230909705162048340 0.18053044378757476807 0.07160139083862304688 0.15838386118412017822 0.05586014315485954285 -0.25496482849121093750 0.00258470582775771618 -0.11575110256671905518 0.28254649043083190918 -0.01637855358421802521 -0.11002545058727264404 -0.00099312188103795052 0.33169773221015930176 0.08504455536603927612 -0.11185195297002792358 -0.04023930430412292480 -0.01206687837839126587 -0.18124341964721679688 0.13808138668537139893 
-0.02938390523195266724 0.21674339473247528076 0.09744478762149810791 0.00221759942360222340 -0.12994237244129180908 0.30353769659996032715 0.12686155736446380615 -0.07243705540895462036 -0.03011298924684524536 -0.01990274898707866669 -0.29003423452377319336 0.06941138207912445068 0.43262138962745666504 -0.13984793424606323242 0.12830610573291778564 -0.04347734525799751282 0.05290748178958892822 0.15094621479511260986 -0.03417765721678733826 0.05025755614042282104 -0.09799207746982574463 -0.04980263486504554749 -0.14332176744937896729 -0.26290971040725708008 0.35340943932533264160 0.10611997544765472412 -0.08970142900943756104 -0.03954533115029335022 0.00773143256083130836 0.00465651182457804680 -0.10629655420780181885 0.00666163768619298935 0.15714493393898010254 0.05248508974909782410 0.08528675884008407593 0.07760445028543472290 0.18573760986328125000 -0.32925263047218322754 -0.15789075195789337158 0.01367053389549255371 
-0.21451698243618011475 0.00943869072943925858 0.05298600718379020691 -0.02020284906029701233 0.25298050045967102051 -0.04498139396309852600 0.26581180095672607422 0.09796466678380966187 0.17711982131004333496 -0.16319696605205535889 0.04953556135296821594 0.21984946727752685547 -0.00543033052235841751 -0.09538751840591430664 0.20582145452499389648 -0.08989050984382629395 0.05669126659631729126 -0.16002292931079864502 0.10702695697546005249 -0.16013509035110473633 0.08145429939031600952 0.08366297185420989990 0.10514269769191741943 -0.25381636619567871094 -0.06184997037053108215 -0.22246909141540527344 -0.09823307394981384277 -0.02955028042197227478 -0.39913803339004516602 -0.00497232936322689056 -0.26573580503463745117 -0.06228433549404144287 -0.15398779511451721191 -0.13005588948726654053 0.02443948760628700256 0.02245449833571910858 -0.04159752279520034790 0.14726245403289794922 -0.33393007516860961914 0.08174016326665878296 
-0.28779500722885131836 -0.19431425631046295166 -0.09262005984783172607 -0.05816229060292243958 0.20117478072643280029 0.00770316179841756821 0.10758599638938903809 -0.01757929474115371704 -0.00738940760493278503 0.08493955433368682861 0.01549518108367919922 -0.18340833485126495361 -0.00793842133134603500 -0.21536146104335784912 -0.11217937618494033813 -0.25289914011955261230 -0.15877993404865264893 0.31472626328468322754 -0.02666852809488773346 0.12663806974887847900 -0.11636003106832504272 0.17158050835132598877 0.13997636735439300537 -0.19109575450420379639 -0.00187810021452605724 0.36575883626937866211 0.31696492433547973633 0.05104630440473556519 -0.01587951742112636566 -0.17591731250286102295 -0.14964789152145385742 0.04210786148905754089 0.02424490079283714294 0.21587242186069488525 0.09228389710187911987 0.08156720548868179321 -0.12666945159435272217 0.15523536503314971924 0.07213263213634490967 0.10429344326257705688 
-0.11356378346681594849 -0.00638584420084953308 -0.02293061651289463043 0.13776549696922302246 0.06840374320745468140 -0.00392306316643953323 -0.01398315746337175369 -0.08464911580085754395 0.03838840499520301819 0.08774089813232421875 -0.13486787676811218262 -0.20309486985206604004 0.14210154116153717041 -0.05068314820528030396 0.00663372827693820000 0.14061385393142700195 0.07372931391000747681 -0.07215320318937301636 -0.29378104209899902344 -0.22700960934162139893 -0.02960776537656784058 0.07287399470806121826 0.13174246251583099365 0.15906664729118347168 0.04717257991433143616 -0.19493019580841064453 0.15339715778827667236 0.19315350055694580078 0.05427773669362068176 -0.10526833683252334595 0.09603098779916763306 -0.12066644430160522461 0.15363745391368865967 0.19663202762603759766 -0.18305909633636474609 0.24411569535732269287 0.22559085488319396973 0.29637798666954040527 -0.31116020679473876953 -0.34233263134956359863 
-0.22413195669651031494 0.00270846905186772346 0.02802736498415470123 -0.02874032780528068542 -0.25032648444175720215 -0.21497391164302825928 0.15390346944332122803 0.23194193840026855469 -0.00695476075634360313 -0.02950402535498142242 -0.13876110315322875977 0.18201859295368194580 0.00232757139019668102 0.22752681374549865723 0.01037824247032403946 -0.03954883292317390442 -0.05881406739354133606 0.18162263929843902588 -0.18819370865821838379 0.06284554302692413330 -0.00558672007173299789 0.18230924010276794434 -0.00670668110251426697 -0.21345947682857513428 -0.15394456684589385986 -0.06926362216472625732 -0.05650228261947631836 -0.14748892188072204590 0.11075469851493835449 0.40588843822479248047 0.14628972113132476807 -0.04296773672103881836 0.30972903966903686523 -0.06717592477798461914 -0.09634213149547576904 0.28950786590576171875 -0.18317104876041412354 0.11243594437837600708 0.07718274742364883423 -0.03086451441049575806 
-0.16694714128971099854 -0.05068216100335121155 0.11605643481016159058 -0.15323914587497711182 -0.02705155685544013977 -0.15416891872882843018 -0.12827841937541961670 -0.20022925734519958496 -0.04843753203749656677 -0.06979400664567947388 -0.06795849651098251343 -0.24702453613281250000 0.23999226093292236328 -0.30625253915786743164 0.16642078757286071777 -0.04681225866079330444 0.00402326276525855064 0.09142894297838211060 0.18825419247150421143 -0.19885744154453277588 -0.11586306244134902954 -0.29693588614463806152 -0.17533908784389495850 0.19808468222618103027 -0.13426926732063293457 0.04096046090126037598 -0.11441407352685928345 -0.19106158614158630371 -0.10106381028890609741 0.10675740987062454224 0.10067006945610046387 0.00008021184476092458 0.08298026025295257568 -0.00106515188235789537 -0.29470878839492797852 -0.04977619647979736328 -0.36086040735244750977 0.07488999515771865845 -0.06948368996381759644 0.06762789934873580933 
-0.23489731550216674805 -0.08100868761539459229 0.08664397150278091431 -0.11471343040466308594 -0.22457575798034667969 -0.13594052195549011230 -0.07789546996355056763 0.04606280103325843811 0.22951120138168334961 0.26335546374320983887 0.20998094975948333740 0.23560196161270141602 -0.09896194934844970703 -0.09344699233770370483 0.18149375915527343750 0.22783367335796356201 0.08878338336944580078 0.14397527277469635010 -0.16000817716121673584 -0.06419044733047485352 0.06420152634382247925 0.00562531128525733948 0.06038334593176841736 0.16956309974193572998 0.16148720681667327881 0.11875190585851669312 -0.09991382807493209839 0.05180934444069862366 -0.21489162743091583252 -0.14894787967205047607 -0.12900181114673614502 0.38229393959045410156 -0.05283275246620178223 0.06370753794908523560 -0.18392695486545562744 0.16049672663211822510 0.05573903396725654602 -0.19487044215202331543 0.15044073760509490967 -0.08029016107320785522 
-0.06629516184329986572 0.29439169168472290039 -0.07874865084886550903 0.14131633937358856201 0.11041037738323211670 -0.21218793094158172607 0.07100991904735565186 0.38993379473686218262 -0.15642276406288146973 0.11049829423427581787 -0.17761135101318359375 -0.12796261906623840332 -0.10048457980155944824 -0.19910278916358947754 -0.02721830084919929504 -0.31230419874191284180 -0.00691160513088107109 -0.30053454637527465820 -0.11231239140033721924 0.06281992048025131226 -0.12233927845954895020 -0.10751213878393173218 -0.07618411630392074585 0.13388098776340484619 -0.04554231837391853333 -0.06158621981739997864 -0.28174513578414916992 0.16592460870742797852 -0.07546155899763107300 -0.08113924413919448853 0.05358134955167770386 0.14298723638057708740 0.00955243688076734543 0.24053245782852172852 0.07320923358201980591 0.15363024175167083740 -0.01998592913150787354 -0.13148941099643707275 0.11471763253211975098 0.11196398735046386719 
-0.02611292339861392975 0.34429192543029785156 0.14343532919883728027 0.15309825539588928223 0.04814429208636283875 -0.15011094510555267334 -0.16998299956321716309 0.08796512335538864136 0.24968852102756500244 0.01124928891658782959 -0.00044957880163565278 -0.15664814412593841553 0.12415283173322677612 -0.14136853814125061035 -0.06940911710262298584 0.17794068157672882080 0.08288612216711044312 0.13254716992378234863 -0.13450346887111663818 -0.02288106270134449005 0.30675211548805236816 0.25310340523719787598 -0.27741900086402893066 -0.06951681524515151978 -0.12408895045518875122 -0.06480950117111206055 0.19263157248497009277 -0.08208017051219940186 0.11738671362400054932 0.17958660423755645752 -0.06924563646316528320 0.11007381975650787354 -0.20258140563964843750 0.18584857881069183350 -0.00305518019013106823 -0.20120640099048614502 0.07721374183893203735 0.05951056629419326782 -0.01726086437702178955 0.28483608365058898926 
-0.10662547498941421509 -0.09697827696800231934 -0.31296017765998840332 0.03170062229037284851 -0.29601147770881652832 0.13940350711345672607 0.23328474164009094238 0.19345355033874511719 -0.12531498074531555176 0.07641889154911041260 -0.08145185559988021851 -0.05422773584723472595 0.02088121697306632996 0.08957095444202423096 0.07170032709836959839 -0.22425858676433563232 0.34796741604804992676 0.13878349959850311279 0.12638944387435913086 -0.15239317715167999268 0.19887177646160125732 0.23440484702587127686 -0.13644109666347503662 0.18634960055351257324 -0.03501079231500625610 0.05103446543216705322 0.09185787290334701538 -0.09230221807956695557 -0.02619419619441032410 -0.16324120759963989258 0.26802325248718261719 -0.01570835895836353302 -0.27813312411308288574 -0.01342105027288198471 -0.02670056745409965515 -0.11237066239118576050 -0.07368234544992446899 -0.09382285922765731812 -0.17516613006591796875 -0.05466129630804061890 
-0.20275564491748809814 -0.08231503516435623169 0.09656563401222229004 0.08603212982416152954 -0.00418332032859325409 0.20352399349212646484 0.25074476003646850586 -0.14155535399913787842 -0.14628396928310394287 -0.06569803506135940552 0.17430736124515533447 -0.32850551605224609375 -0.12309018522500991821 -0.07228234410285949707 -0.05601185560226440430 -0.05797233805060386658 0.11769271641969680786 -0.10498399287462234497 -0.09882929176092147827 -0.10085085034370422363 0.01770702749490737915 -0.06544585525989532471 -0.06090891361236572266 -0.05982116982340812683 0.28107669949531555176 -0.22553904354572296143 0.07991055399179458618 -0.02578764036297798157 0.00876435171812772751 0.25472444295883178711 0.10340958833694458008 0.44501626491546630859 0.01450930535793304443 -0.26357692480087280273 0.11663217842578887939 0.00670631136745214462 0.07981242239475250244 0.14092279970645904541 0.20163287222385406494 0.05117710679769515991 
-0.20942619442939758301 0.20842839777469635010 0.24184343218803405762 0.01825852505862712860 0.12965306639671325684 0.11143593490123748779 0.15475375950336456299 -0.07083838433027267456 -0.32325655221939086914 -0.09123293310403823853 -0.05379618331789970398 0.01781405694782733917 -0.13791774213314056396 0.13803534209728240967 -0.27088674902915954590 0.22101698815822601318 -0.03253995254635810852 0.00498612690716981888 -0.25385227799415588379 -0.00039924308657646179 0.00067375879734754562 0.00727489031851291656 -0.27945363521575927734 0.16781423985958099365 -0.06850257515907287598 0.16543346643447875977 0.09562548995018005371 -0.03419980406761169434 -0.22200633585453033447 -0.03608618304133415222 -0.20102086663246154785 -0.19673718512058258057 -0.17492687702178955078 -0.09066864848136901855 -0.03633186221122741699 0.05280023440718650818 -0.22202487289905548096 -0.15609775483608245850 0.03061541169881820679 -0.24064400792121887207 
-0.09013713896274566650 0.15108205378055572510 -0.12168250232934951782 -0.21379928290843963623 -0.08701633661985397339 0.20345337688922882080 -0.18965700268745422363 0.08433227241039276123 -0.11154541373252868652 0.02487049624323844910 0.18689373135566711426 -0.00405319407582283020 -0.08368450403213500977 -0.16892543435096740723 0.08233115822076797485 -0.17545318603515625000 -0.14867553114891052246 0.01852016337215900421 0.14087934792041778564 0.19886983931064605713 0.15583229064941406250 0.19145511090755462646 -0.14468419551849365234 0.34163331985473632812 0.15316638350486755371 0.02529320120811462402 -0.18405368924140930176 -0.03365123271942138672 0.15174850821495056152 0.21505166590213775635 -0.34386321902275085449 -0.11989521235227584839 0.02035376988351345062 -0.09265543520450592041 0.02396691590547561646 0.15433138608932495117 0.13018387556076049805 0.28202694654464721680 -0.11982109397649765015 -0.09855499118566513062 
-0.10862378776073455811 0.30836036801338195801 -0.10432863235473632812 -0.40945559740066528320 0.04308819770812988281 0.12112586945295333862 0.01769588887691497803 -0.05100014433264732361 0.18181510269641876221 0.02038360387086868286 0.19370625913143157959 -0.00107078254222869873 0.13112463057041168213 0.20921847224235534668 -0.28214907646179199219 -0.16230174899101257324 -0.08156108856201171875 -0.11399133503437042236 0.01415164209902286530 -0.08754560351371765137 0.21909832954406738281 -0.10078459978103637695 0.04350866377353668213 -0.01335314847528934479 0.13761021196842193604 -0.27258878946304321289 0.15499299764633178711 -0.08846598863601684570 0.06143265962600708008 -0.28224959969520568848 0.08386023342609405518 -0.05705104395747184753 0.13109648227691650391 0.05729242414236068726 -0.16562066972255706787 0.16747845709323883057 -0.16620835661888122559 -0.10429117828607559204 0.08916340768337249756 0.16811603307723999023 
-0.21536841988563537598 -0.12165170907974243164 -0.05795310437679290771 -0.17591832578182220459 -0.07090733945369720459 0.08507000654935836792 -0.19806414842605590820 0.20390336215496063232 -0.12691056728363037109 0.15981529653072357178 0.11377391219139099121 0.00970066059380769730 0.01055209897458553314 -0.13681301474571228027 -0.05780321732163429260 0.20996972918510437012 0.00429396517574787140 -0.27060592174530029297 0.20366206765174865723 0.10026240348815917969 -0.18271407485008239746 0.17595036327838897705 -0.18960122764110565186 -0.32980486750602722168 0.13019399344921112061 -0.18921004235744476318 0.11045121401548385620 0.19065973162651062012 -0.10573190450668334961 0.12813645601272583008 0.10413579642772674561 -0.11167655885219573975 0.04079433530569076538 0.20864573121070861816 -0.10597745329141616821 -0.28712397813796997070 -0.10602859407663345337 -0.07133491337299346924 0.05291196703910827637 -0.21550616621971130371 
-0.04929854720830917358 -0.01967198401689529419 -0.30212211608886718750 0.02284394018352031708 -0.13542431592941284180 -0.22990435361862182617 0.09595893323421478271 0.00745322555303573608 -0.13009102642536163330 -0.16428063809871673584 0.15202631056308746338 0.20483735203742980957 -0.15079836547374725342 -0.30123341083526611328 -0.00482168467715382576 0.25838750600814819336 -0.04982475191354751587 -0.01905175857245922089 -0.28708145022392272949 0.06195929646492004395 0.00908626616001129150 -0.25958526134490966797 -0.14562977850437164307 -0.09011097252368927002 0.29829970002174377441 0.05218373239040374756 0.03648910298943519592 -0.05892084538936614990 0.18425172567367553711 -0.15137681365013122559 0.14991040527820587158 -0.19521984457969665527 -0.06204577535390853882 -0.05379074811935424805 0.06770589202642440796 -0.00728088617324829102 -0.06389909982681274414 0.13174127042293548584 -0.20336782932281494141 0.24828004837036132812 
-0.21286688745021820068 -0.07791888713836669922 -0.06163945421576499939 0.24299106001853942871 0.08940949290990829468 0.03107768669724464417 -0.03834727033972740173 -0.20164625346660614014 -0.23808887600898742676 -0.15573406219482421875 0.21169783174991607666 0.18186831474304199219 0.26307427883148193359 0.11037980020046234131 0.25698491930961608887 0.01372659858316183090 -0.22119253873825073242 -0.27030959725379943848 -0.04357783868908882141 0.05242751538753509521 0.16880190372467041016 0.27031540870666503906 -0.11545508354902267456 0.14142878353595733643 -0.14865398406982421875 0.10315442085266113281 -0.00641053169965744019 -0.09508562833070755005 -0.10097379982471466064 -0.16113075613975524902 0.15759825706481933594 0.08067172020673751831 0.29901590943336486816 0.10977952182292938232 0.03953510522842407227 -0.07376807928085327148 0.11534174531698226929 -0.03627451136708259583 0.09871659427881240845 0.15663264691829681396 
-0.13160766661167144775 -0.12392427027225494385 -0.16911792755126953125 0.25105205178260803223 0.15488104522228240967 -0.00611117715016007423 -0.16302210092544555664 0.09201012551784515381 0.29780137538909912109 -0.22779583930969238281 0.05015376955270767212 -0.19420532882213592529 0.10943710058927536011 -0.00334195140749216080 -0.18341314792633056641 -0.05323600769042968750 -0.20443741977214813232 0.00127527408767491579 -0.05038190633058547974 0.19689084589481353760 0.07993642985820770264 0.06171587854623794556 -0.09613753855228424072 -0.15544950962066650391 0.05241299793124198914 0.07621891051530838013 -0.29096964001655578613 -0.00774351041764020920 0.12166853994131088257 -0.12509721517562866211 0.10068192332983016968 0.13501948118209838867 -0.13245864212512969971 -0.31016743183135986328 -0.23949101567268371582 0.03808375447988510132 -0.07715214788913726807 -0.18273672461509704590 -0.11695668101310729980 -0.28804773092269897461 

R = 
-3.44792819023132324219 -2.40075469017028808594 -2.96577906608581542969 -2.81896710395812988281 -2.54298925399780273438 -3.13669109344482421875 -3.11561632156372070312 -2.84842848777770996094 -2.71184015274047851562 -2.69711399078369140625 -2.26722955703735351562 -2.93061161041259765625 -2.91027212142944335938 -2.42376232147216796875 -2.79817509651184082031 -2.73826789855957031250 -2.56081962585449218750 -2.72202086448669433594 -2.31836032867431640625 -3.05396080017089843750 -3.37340497970581054688 -2.44860696792602539062 -2.68217802047729492188 -2.88262510299682617188 -2.93902277946472167969 -2.83140945434570312500 -2.74812555313110351562 -2.83517599105834960938 -2.55029559135437011719 -2.60678672790527343750 -2.93258619308471679688 -2.81052207946777343750 -2.58004236221313476562 -2.72871375083923339844 -2.69834256172180175781 -2.35879468917846679688 -2.35991048812866210938 -2.22895026206970214844 -2.00544810295104980469 -1.89966607093811035156 
-0.00000005563969551758 2.37323904037475585938 0.87295442819595336914 1.52868461608886718750 1.15774273872375488281 1.31472301483154296875 0.81755083799362182617 1.76603603363037109375 1.24315690994262695312 1.18550026416778564453 1.43348681926727294922 0.89555490016937255859 1.10837745666503906250 1.22951269149780273438 1.22118639945983886719 1.13223373889923095703 1.33818340301513671875 1.71406316757202148438 1.42821049690246582031 1.23467624187469482422 1.10649645328521728516 1.33653140068054199219 1.18695068359375000000 0.90392392873764038086 0.80198472738265991211 1.13658058643341064453 1.19697940349578857422 0.40329423546791076660 0.88172614574432373047 1.13994669914245605469 0.89172625541687011719 0.81466770172119140625 1.03781533241271972656 1.22996234893798828125 1.28346943855285644531 1.36774051189422607422 0.87211501598358154297 1.13296747207641601562 1.20930719375610351562 0.96516919136047363281 
