Q = 
0.11984751373529434204 -0.23715874552726745605 -0.07808734476566314697 0.06116853654384613037 0.15589152276515960693 0.13860695064067840576 -0.17332664132118225098 0.11125840246677398682 -0.12280831485986709595 -0.14839398860931396484 0.08969315141439437866 0.15864752233028411865 -0.13734410703182220459 -0.24252425134181976318 0.20730173587799072266 0.03763236850500106812 0.19073046743869781494 -0.15277032554149627686 0.14029867947101593018 0.22991400957107543945 0.19432544708251953125 0.03000501357018947601 -0.02651696838438510895 0.11862456798553466797 -0.00709791667759418488 -0.16634039580821990967 0.11080061644315719604 -0.01899122260510921478 0.24834123253822326660 -0.04601491987705230713 -0.11309206485748291016 0.28363883495330810547 -0.18280929327011108398 -0.04028259962797164917 0.24431756138801574707 0.15896749496459960938 -0.15012681484222412109 -0.17394167184829711914 -0.25181910395622253418 -0.14809702336788177490 
0.18711422383785247803 0.04716311395168304443 0.19694417715072631836 -0.14883008599281311035 0.18418703973293304443 0.09827435016632080078 -0.02426404878497123718 0.16533505916595458984 -0.07657101005315780640 -0.07392771542072296143 0.09231232106685638428 -0.10795043408870697021 -0.34944811463356018066 -0.06940799206495285034 0.15606729686260223389 -0.00649390229955315590 -0.10327623784542083740 0.18923506140708923340 -0.15542493760585784912 -0.21468472480773925781 0.19346505403518676758 -0.09953650087118148804 0.07826991379261016846 0.10094339400529861450 0.15049166977405548096 0.17024953663349151611 -0.21250386536121368408 0.06516595184803009033 0.14937448501586914062 0.01387404277920722961 0.04953834041953086853 -0.15357163548469543457 -0.04743394255638122559 0.00053471699357032776 0.26199886202812194824 -0.10869161784648895264 0.33892872929573059082 0.25588673353195190430 0.04710451513528823853 -0.22859078645706176758 
0.04001014679670333862 -0.23630595207214355469 0.12939725816249847412 -0.05585795640945434570 0.21347819268703460693 0.31412556767463684082 -0.14580832421779632568 -0.21137356758117675781 0.23523871600627899170 0.16217444837093353271 -0.07344853878021240234 0.03934133425354957581 0.01034350134432315826 -0.00077120237983763218 0.22126445174217224121 0.14435954391956329346 0.18924584984779357910 0.14734901487827301025 -0.11498528718948364258 -0.23559580743312835693 0.22621853649616241455 -0.02480936422944068909 0.06481380760669708252 -0.01083072554320096970 0.02993659675121307373 -0.13332024216651916504 -0.14171190559864044189 -0.01524186041206121445 -0.00524131953716278076 -0.11018314212560653687 -0.19723273813724517822 -0.07618997246026992798 0.09113053977489471436 -0.07230578362941741943 -0.28312748670578002930 -0.03655554726719856262 -0.14764560759067535400 -0.23729515075683593750 0.30214425921440124512 0.10664877295494079590 
0.28389114141464233398 0.14592371881008148193 -0.17390324175357818604 -0.02598139643669128418 -0.10095032304525375366 0.10157458484172821045 -0.17787672579288482666 -0.16290119290351867676 -0.14245454967021942139 0.20397296547889709473 0.17218084633350372314 0.14273419976234436035 0.24268108606338500977 0.04907660558819770813 -0.10095424950122833252 -0.04089900478720664978 0.18891499936580657959 0.12138414382934570312 -0.16297364234924316406 0.23871368169784545898 0.03879206627607345581 0.06923346966505050659 -0.25017142295837402344 -0.17102409899234771729 0.10409882664680480957 0.28413385152816772461 -0.01236365363001823425 -0.22779014706611633301 0.11930890381336212158 -0.18156220018863677979 0.12588338553905487061 -0.04054940491914749146 -0.07562595605850219727 -0.19267281889915466309 0.06338526308536529541 -0.22100082039833068848 0.03046133369207382202 -0.07698766142129898071 0.13482743501663208008 -0.20564308762550354004 
0.18856234848499298096 -0.08061172813177108765 -0.02312944270670413971 0.14501608908176422119 -0.15030720829963684082 -0.12263998389244079590 0.13910572230815887451 -0.16575382649898529053 0.13955272734165191650 -0.12459729611873626709 0.04691383987665176392 -0.06845265626907348633 0.06632847338914871216 -0.23899710178375244141 0.06725555658340454102 -0.00512038450688123703 -0.20463615655899047852 -0.03214494884014129639 0.26471012830734252930 -0.14332586526870727539 0.01513756997883319855 0.25943154096603393555 0.27088516950607299805 0.02447670698165893555 -0.03854113444685935974 -0.21042244136333465576 0.16112233698368072510 -0.31835508346557617188 -0.02204807475209236145 -0.08767787367105484009 0.08017212897539138794 -0.16399917006492614746 0.03512038663029670715 -0.26934781670570373535 0.14193345606327056885 -0.06368245184421539307 0.28271374106407165527 -0.19936802983283996582 0.16392636299133300781 -0.09917332977056503296 
0.13147513568401336670 -0.14709490537643432617 0.19904504716396331787 -0.15938311815261840820 0.16537392139434814453 -0.33240154385566711426 -0.13298022747039794922 -0.09388427436351776123 -0.17003184556961059570 0.24491946399211883545 -0.03220026195049285889 0.07142129540443420410 0.16962565481662750244 -0.01896294765174388885 -0.07402634620666503906 -0.07125319540500640869 0.21902698278427124023 -0.14550405740737915039 0.03905969113111495972 -0.19108277559280395508 0.06303486227989196777 0.03403186053037643433 -0.27638232707977294922 -0.00073537323623895645 -0.10790831595659255981 -0.27776664495468139648 0.19765298068523406982 0.20762038230895996094 0.07249327003955841064 0.22905704379081726074 0.06636029481887817383 0.03531581908464431763 -0.09310904145240783691 -0.06998920440673828125 0.07456582784652709961 -0.06851951777935028076 0.29547810554504394531 0.12668655812740325928 0.11230280995368957520 0.18481618165969848633 
0.01424808055162429810 -0.10111442208290100098 0.25605699419975280762 0.11005969345569610596 -0.03385052457451820374 0.02961375005543231964 -0.24707995355129241943 0.01050203107297420502 -0.24703492224216461182 -0.15572994947433471680 0.31110474467277526855 -0.03835584968328475952 -0.03370156884193420410 0.07530411332845687866 -0.24022899568080902100 0.28273409605026245117 -0.02628748305141925812 0.13151019811630249023 0.23048432171344757080 -0.00589454360306262970 -0.18048372864723205566 0.00530496984720230103 -0.11439797282218933105 0.16966287791728973389 0.02187944762408733368 0.08147358894348144531 -0.11008279770612716675 0.26054844260215759277 -0.35568389296531677246 -0.16594401001930236816 -0.01218417380005121231 0.09509022533893585205 0.06940230727195739746 -0.14535532891750335693 -0.02434769272804260254 0.15707023441791534424 0.11647979915142059326 -0.20591948926448822021 0.11492314934730529785 -0.06601945310831069946 
0.17426556348800659180 0.01498531270772218704 -0.08862709254026412964 0.07616127282381057739 0.03503849357366561890 -0.20822790265083312988 -0.17118413746356964111 0.28944236040115356445 0.11365450173616409302 0.00640013627707958221 0.33163177967071533203 0.20003049075603485107 -0.10626062750816345215 -0.10924465954303741455 -0.14238551259040832520 -0.15011090040206909180 -0.12120585888624191284 0.00465114461258053780 0.09967229515314102173 -0.23700475692749023438 0.01212052442133426666 -0.27118712663650512695 -0.01460526417940855026 -0.15662950277328491211 -0.47607165575027465820 0.01897613331675529480 -0.14452840387821197510 -0.14233534038066864014 0.01446473598480224609 0.06348054111003875732 -0.12557555735111236572 -0.06231866404414176941 -0.09496201574802398682 0.03171038627624511719 -0.18821249902248382568 -0.12125819921493530273 -0.17358168959617614746 -0.04668209701776504517 0.03904602304100990295 -0.06179628521203994751 
0.11058297008275985718 -0.29740592837333679199 -0.00190092320553958416 0.10327854752540588379 0.09416325390338897705 0.09810619801282882690 0.32225209474563598633 -0.00454615429043769836 -0.06823162734508514404 -0.07770363986492156982 0.06263152509927749634 0.10750368237495422363 -0.08429601788520812988 0.26484039425849914551 0.14104771614074707031 0.16908951103687286377 -0.27423557639122009277 0.12319777905941009521 0.19855135679244995117 -0.01980562508106231689 -0.28143662214279174805 0.06235278770327568054 -0.38478532433509826660 -0.05224825441837310791 0.04868381097912788391 0.02596543915569782257 -0.00440989434719085693 -0.10677189379930496216 0.25758737325668334961 0.06405852735042572021 -0.12756463885307312012 0.02672257088124752045 0.02849170938134193420 0.00061152875423431396 0.10086613893508911133 -0.24812123179435729980 -0.12032644450664520264 0.09190709143877029419 0.08472732454538345337 0.21388208866119384766 
0.00056677329121157527 -0.25613808631896972656 0.14058201014995574951 -0.18591105937957763672 -0.35819631814956665039 0.07988210022449493408 -0.19188874959945678711 0.19377347826957702637 -0.00093393027782440186 0.15341284871101379395 0.04010783880949020386 -0.14944563806056976318 -0.07281627506017684937 -0.06942315399646759033 0.12378682941198348999 -0.15799736976623535156 -0.20868048071861267090 -0.04950664192438125610 -0.30969482660293579102 0.05563944205641746521 -0.09083956480026245117 0.06418663263320922852 -0.19391913712024688721 0.15177999436855316162 0.13304892182350158691 -0.15633735060691833496 0.02023297175765037537 -0.29098767042160034180 -0.35024961829185485840 0.14079159498214721680 -0.13855361938476562500 0.06926640868186950684 -0.13190875947475433350 -0.01901953108608722687 -0.03151048719882965088 -0.15937481820583343506 -0.00362729467451572418 -0.04783131182193756104 -0.12086535245180130005 0.01796790957450866699 
0.03681712597608566284 -0.00352198584005236626 0.35033714771270751953 -0.04914907366037368774 0.11797744035720825195 -0.06870794296264648438 0.16559234261512756348 0.29277870059013366699 0.22552932798862457275 -0.25489869713783264160 0.19837298989295959473 0.01714875362813472748 0.00220284448005259037 0.01834383048117160797 -0.04698863998055458069 0.00626871734857559204 0.37807288765907287598 -0.19255609810352325439 -0.15096974372863769531 0.25463232398033142090 -0.12813033163547515869 0.02180891111493110657 0.09008669108152389526 -0.05126347020268440247 0.06650537252426147461 -0.10265093296766281128 -0.06128703057765960693 -0.07506785541772842407 -0.01213199645280838013 0.09116496145725250244 0.21770672500133514404 -0.02153055742383003235 0.31179824471473693848 -0.14679612219333648682 0.03118488937616348267 -0.25594544410705566406 -0.11997362971305847168 -0.03690944984555244446 0.07390827685594558716 0.03479884192347526550 
0.04947516694664955139 -0.27661865949630737305 0.03813055157661437988 0.16053582727909088135 -0.25551390647888183594 -0.26429378986358642578 0.08048763871192932129 0.14159771800041198730 -0.01904002949595451355 0.30174714326858520508 -0.12943346798419952393 -0.20984338223934173584 -0.16217297315597534180 -0.18377742171287536621 0.12096624821424484253 0.00025417213328182697 0.12279733270406723022 0.17076241970062255859 0.17815165221691131592 0.16140693426132202148 0.22509682178497314453 -0.07919885218143463135 -0.02332002855837345123 0.05367651954293251038 -0.08996678888797760010 0.20799389481544494629 -0.04474132135510444641 0.10367333889007568359 0.01812905259430408478 -0.28839361667633056641 0.26069906353950500488 0.05080413073301315308 0.14952851831912994385 0.18028609454631805420 0.00042887777090072632 -0.17017629742622375488 -0.04861622676253318787 -0.05508541315793991089 0.02200197428464889526 0.18704238533973693848 
0.21745602786540985107 -0.10934443026781082153 -0.19926758110523223877 -0.01956900954246520996 0.06504222750663757324 -0.21806685626506805420 -0.23352022469043731689 0.02496635913848876953 -0.06837441027164459229 -0.35381659865379333496 -0.18370135128498077393 -0.04005291312932968140 -0.06226534396409988403 0.02786234207451343536 0.04342059046030044556 -0.15749774873256683350 0.05295941233634948730 0.13356217741966247559 -0.01904321089386940002 0.01836028322577476501 -0.03021441213786602020 0.08800131827592849731 0.01384592428803443909 0.06129781901836395264 0.13661128282546997070 0.08812601119279861450 0.08288609236478805542 0.05333360284566879272 0.05235797911882400513 -0.12433828413486480713 -0.15584962069988250732 -0.07518015801906585693 0.18535496294498443604 -0.32957637310028076172 -0.43546149134635925293 -0.07778954505920410156 0.06877416372299194336 0.19216184318065643311 -0.27761432528495788574 0.14681857824325561523 
0.22138729691505432129 -0.01004013698548078537 -0.26573175191879272461 -0.10090290009975433350 -0.08539188653230667114 0.12567180395126342773 0.12595750391483306885 -0.01689642481505870819 0.32626393437385559082 0.13003087043762207031 0.11627070605754852295 0.01468666642904281616 -0.25752538442611694336 0.10730367898941040039 -0.20014727115631103516 0.00602651387453079224 0.04116515815258026123 -0.14127136766910552979 0.09676687419414520264 0.28040677309036254883 0.08118898421525955200 0.04968453571200370789 -0.04721789434552192688 -0.14572611451148986816 0.04351701959967613220 -0.16231167316436767578 -0.03610283881425857544 0.32571229338645935059 -0.11580385267734527588 -0.02408997900784015656 -0.32956826686859130859 -0.09781234711408615112 0.07366558909416198730 0.14070938527584075928 0.01168812438845634460 -0.11214618384838104248 0.34102380275726318359 -0.07897395640611648560 -0.07328230142593383789 -0.00441722944378852844 
0.23331202566623687744 0.19356934726238250732 0.00511266011744737625 -0.11119555681943893433 -0.19551756978034973145 0.09934172034263610840 -0.08407582342624664307 -0.04357502982020378113 0.04620530456304550171 0.06340410560369491577 0.24660839140415191650 -0.04352480918169021606 -0.06697607785463333130 -0.10543953627347946167 0.01735704019665718079 0.09077459573745727539 -0.10658153891563415527 -0.28773811459541320801 -0.01143796741962432861 -0.24913801252841949463 -0.18222084641456604004 0.21284094452857971191 0.04770426824688911438 0.13004030287265777588 0.19047382473945617676 -0.06845192611217498779 -0.06706230342388153076 0.15356063842773437500 0.34896528720855712891 -0.11911828815937042236 0.29122447967529296875 0.18647459149360656738 -0.03830442577600479126 0.20525327324867248535 -0.31191042065620422363 -0.02809534966945648193 -0.07188473641872406006 -0.03091059252619743347 -0.05276936292648315430 0.12810996174812316895 
0.05163538455963134766 0.03963825106620788574 0.06903602182865142822 0.37443450093269348145 -0.06416954100131988525 0.15520070493221282959 -0.23066283762454986572 -0.06331964582204818726 0.16640272736549377441 -0.07472338527441024780 0.11331261694431304932 -0.02571922913193702698 -0.13857673108577728271 0.04781916737556457520 0.30897679924964904785 -0.17060925066471099854 -0.06833699345588684082 -0.12738022208213806152 -0.12082135677337646484 0.08059792965650558472 -0.01436858065426349640 0.14867523312568664551 -0.10758751630783081055 -0.05691798031330108643 -0.15973986685276031494 0.14833800494670867920 0.38256892561912536621 0.32422199845314025879 -0.10038715600967407227 0.08958199620246887207 0.12002207338809967041 -0.26383146643638610840 -0.05361240357160568237 -0.02729730866849422455 0.05938617140054702759 0.06022145599126815796 -0.14472347497940063477 0.15186172723770141602 0.19234661757946014404 0.02303779497742652893 
0.17825230956077575684 0.03574669361114501953 0.15662716329097747803 -0.17495676875114440918 0.07184564322233200073 -0.15605539083480834961 0.10008337348699569702 0.20970672369003295898 0.10310589522123336792 0.09201377630233764648 0.10286298394203186035 -0.14209017157554626465 0.14456552267074584961 -0.03369628638029098511 0.21620011329650878906 0.24053859710693359375 0.00605630921199917793 0.01127280946820974350 0.18923759460449218750 0.31602349877357482910 -0.01059966813772916794 0.02717789262533187866 0.05099523812532424927 -0.09084448963403701782 0.09602552652359008789 0.17698504030704498291 0.06525141000747680664 -0.14349725842475891113 0.00866506993770599365 0.09185741096735000610 -0.13376700878143310547 -0.10497342050075531006 -0.33418098092079162598 0.03722181171178817749 -0.30265256762504577637 0.37731558084487915039 0.06836604326963424683 0.14159519970417022705 0.16959162056446075439 0.03020367398858070374 
0.08976351469755172729 -0.08332452923059463501 -0.11817706376314163208 0.21563602983951568604 -0.22994554042816162109 0.03002416156232357025 0.02740148641169071198 0.29730868339538574219 -0.02305213361978530884 -0.20950217545032501221 -0.27272626757621765137 0.04988972842693328857 0.13707736134529113770 0.14688052237033843994 -0.12792044878005981445 -0.15613336861133575439 0.19029624760150909424 -0.13929547369480133057 -0.01830869913101196289 -0.08137103915214538574 0.00216572359204292297 -0.02458975464105606079 -0.11730730533599853516 0.26418423652648925781 0.13631778955459594727 -0.09144693613052368164 -0.30445486307144165039 0.04644338041543960571 0.13091628253459930420 -0.02913188375532627106 -0.00762507971376180649 -0.31520843505859375000 -0.28364238142967224121 0.06352610141038894653 0.04465548321604728699 0.13135364651679992676 0.02818605676293373108 -0.12593191862106323242 0.26528617739677429199 0.05019309371709823608 
0.04415316507220268250 -0.10731659084558486938 0.13256829977035522461 0.03867091611027717590 -0.20360554754734039307 0.03739956766366958618 0.13722735643386840820 -0.06045741215348243713 0.12158629298210144043 -0.21103613078594207764 -0.06495725363492965698 -0.16027732193470001221 0.20999513566493988037 -0.01720982417464256287 -0.12754791975021362305 0.25851991772651672363 -0.21981868147850036621 -0.20016759634017944336 -0.02425702661275863647 -0.07280493527650833130 0.46165880560874938965 -0.24537785351276397705 -0.25195074081420898438 -0.21394990384578704834 0.05870682373642921448 -0.02500139921903610229 -0.00453528622165322304 0.15606297552585601807 0.02918396145105361938 0.04470556601881980896 0.11047812551259994507 0.03275630623102188110 -0.06508345901966094971 -0.21785323321819305420 -0.12253473699092864990 -0.06130075827240943909 -0.11690865457057952881 0.08330590277910232544 -0.15716479718685150146 -0.21949434280395507812 
0.09880212694406509399 -0.01135030016303062439 0.02763563394546508789 0.18793423473834991455 -0.13470853865146636963 0.12148898839950561523 -0.14289531111717224121 0.03410084173083305359 0.06375280022621154785 0.28296923637390136719 -0.08065848797559738159 -0.06191214919090270996 -0.25153237581253051758 0.16512906551361083984 -0.14946629106998443604 0.10549852997064590454 0.25380331277847290039 -0.04957150667905807495 0.24446751177310943604 -0.16995757818222045898 -0.07083947956562042236 -0.07676406949758529663 -0.09535105526447296143 -0.01914820633828639984 0.12484315037727355957 -0.13524967432022094727 0.08261427283287048340 -0.32602486014366149902 0.03643245249986648560 0.10381439328193664551 0.05962626263499259949 -0.09855638444423675537 0.29469794034957885742 -0.04324975982308387756 -0.00924896448850631714 0.28033736348152160645 -0.07537628710269927979 0.31048965454101562500 -0.11280257999897003174 -0.22493137419223785400 
0.07973937690258026123 -0.07323710620403289795 0.28299885988235473633 0.19867259263992309570 -0.03338160365819931030 0.11735790222883224487 -0.01867394521832466125 0.16429997980594635010 0.10989996790885925293 0.02164133265614509583 -0.07849599421024322510 0.44092074036598205566 0.04483699798583984375 0.08356601744890213013 -0.28028309345245361328 -0.16679021716117858887 -0.10594721138477325439 0.17710606753826141357 0.07310261577367782593 -0.06126942485570907593 0.26780849695205688477 0.22111901640892028809 0.20609883964061737061 -0.10310055315494537354 0.25323069095611572266 0.20763012766838073730 0.16040064394474029541 -0.03713074699044227600 -0.03619582951068878174 0.16240634024143218994 0.02119225636124610901 0.23509065806865692139 -0.06217809766530990601 0.12504984438419342041 -0.05928952246904373169 -0.00594591069966554642 0.08631927520036697388 -0.01602935791015625000 -0.06174065172672271729 0.14236372709274291992 
0.22138270735740661621 0.07444368302822113037 0.10066220909357070923 0.19164954125881195068 0.14524652063846588135 0.09283494204282760620 -0.02830569818615913391 -0.11614569276571273804 -0.03144537657499313354 -0.11185856163501739502 -0.23177838325500488281 -0.13465897738933563232 0.09779110550880432129 -0.38608527183532714844 -0.08150297403335571289 0.11221027374267578125 0.07619790732860565186 0.19458225369453430176 0.01393554825335741043 0.07156023383140563965 -0.10937307029962539673 0.33230891823768615723 -0.18053039908409118652 -0.07160161435604095459 -0.15838369727134704590 -0.05586015433073043823 -0.25496464967727661133 -0.00258433446288108826 -0.11575093865394592285 0.28254628181457519531 0.01637879945337772369 -0.11002540588378906250 -0.00099298357963562012 0.33169811964035034180 -0.08504451811313629150 -0.11185190081596374512 -0.04023972526192665100 0.01206656172871589661 -0.18124347925186157227 -0.13808146119117736816 
0.02938390336930751801 -0.21674339473247528076 -0.09744483232498168945 0.00221760757267475128 -0.12994238734245300293 0.30353763699531555176 0.12686164677143096924 0.07243716716766357422 -0.03011288121342658997 0.01990277692675590515 0.29003432393074035645 0.06941141188144683838 0.43262144923210144043 0.13984794914722442627 0.12830598652362823486 -0.04347725212574005127 0.05290739610791206360 0.15094624459743499756 -0.03417753428220748901 0.05025739595293998718 0.09799211472272872925 0.04980245232582092285 0.14332139492034912109 0.26290959119796752930 -0.35340934991836547852 -0.10611996799707412720 -0.08970135450363159180 0.03954476863145828247 0.00773158390074968338 0.00465654954314231873 0.10629667341709136963 0.00666176062077283859 0.15714477002620697021 0.05248503386974334717 -0.08528656512498855591 0.07760437577962875366 0.18573738634586334229 0.32925242185592651367 -0.15789122879505157471 -0.01367082446813583374 
0.21451693773269653320 -0.00943866185843944550 -0.05298598110675811768 -0.02020280249416828156 0.25298032164573669434 -0.04498143121600151062 0.26581177115440368652 -0.09796474874019622803 0.17711989581584930420 0.16319707036018371582 -0.04953556880354881287 0.21984961628913879395 -0.00543039524927735329 0.09538748860359191895 0.20582143962383270264 -0.08989055454730987549 0.05669146776199340820 -0.16002289950847625732 0.10702712088823318481 -0.16013529896736145020 -0.08145422488451004028 -0.08366280794143676758 -0.10514276474714279175 0.25381603837013244629 0.06184982508420944214 0.22246918082237243652 -0.09823339432477951050 0.02955015189945697784 -0.39913839101791381836 -0.00497243972495198250 0.26573571562767028809 -0.06228487938642501831 -0.15398786962032318115 -0.13005593419075012207 -0.02443907782435417175 0.02245458960533142090 -0.04159782826900482178 -0.14726246893405914307 -0.33393007516860961914 -0.08174005150794982910 
0.28779494762420654297 0.19431428611278533936 0.09262008965015411377 -0.05816236138343811035 0.20117473602294921875 0.00770313991233706474 0.10758601129055023193 0.01757920905947685242 -0.00738926790654659271 -0.08493955433368682861 -0.01549521740525960922 -0.18340811133384704590 -0.00793856382369995117 0.21536138653755187988 -0.11217953264713287354 -0.25289899110794067383 -0.15877994894981384277 0.31472644209861755371 -0.02666843309998512268 0.12663795053958892822 0.11636003851890563965 -0.17158058285713195801 -0.13997662067413330078 0.19109582901000976562 0.00187806226313114166 -0.36575883626937866211 0.31696516275405883789 -0.05104605853557586670 -0.01587924733757972717 -0.17591726779937744141 0.14964799582958221436 0.04210768267512321472 0.02424523979425430298 0.21587252616882324219 -0.09228358417749404907 0.08156735450029373169 -0.12666921317577362061 -0.15523572266101837158 0.07213252037763595581 -0.10429334640502929688 
0.11356376111507415771 0.00638583954423666000 0.02293064445257186890 0.13776558637619018555 0.06840375810861587524 -0.00392303429543972015 -0.01398311275988817215 0.08464917540550231934 0.03838836401700973511 -0.08774083852767944336 0.13486802577972412109 -0.20309495925903320312 0.14210158586502075195 0.05068319663405418396 0.00663377530872821808 0.14061409235000610352 0.07372950762510299683 -0.07215323299169540405 -0.29378113150596618652 -0.22700944542884826660 0.02960743568837642670 -0.07287389039993286133 -0.13174246251583099365 -0.15906685590744018555 -0.04717230051755905151 0.19492983818054199219 0.15339685976505279541 -0.19315384328365325928 0.05427751690149307251 -0.10526829212903976440 -0.09603084623813629150 -0.12066654860973358154 0.15363758802413940430 0.19663161039352416992 0.18305997550487518311 0.24411576986312866211 0.22559115290641784668 -0.29637807607650756836 -0.31116032600402832031 0.34233272075653076172 
0.22413189709186553955 -0.00270846858620643616 -0.02802735939621925354 -0.02874037623405456543 -0.25032651424407958984 -0.21497383713722229004 0.15390346944332122803 -0.23194189369678497314 -0.00695487391203641891 0.02950400114059448242 0.13876096904277801514 0.18201863765716552734 0.00232753064483404160 -0.22752675414085388184 0.01037819124758243561 -0.03954877704381942749 -0.05881380289793014526 0.18162260949611663818 -0.18819381296634674072 0.06284563988447189331 0.00558680621907114983 -0.18230934441089630127 0.00670650275424122810 0.21345978975296020508 0.15394444763660430908 0.06926409155130386353 -0.05650255829095840454 0.14748902618885040283 0.11075481027364730835 0.40588897466659545898 -0.14628924429416656494 -0.04296768829226493835 0.30972930788993835449 -0.06717599928379058838 0.09634295105934143066 0.28950762748718261719 -0.18317094445228576660 -0.11243563890457153320 0.07718306779861450195 0.03086437284946441650 
0.16694709658622741699 0.05068222060799598694 -0.11605653911828994751 -0.15323927998542785645 -0.02705159410834312439 -0.15416897833347320557 -0.12827856838703155518 0.20022954046726226807 -0.04843756556510925293 0.06979390978813171387 0.06795856356620788574 -0.24702456593513488770 0.23999245464801788330 0.30625244975090026855 0.16642071306705474854 -0.04681217670440673828 0.00402324087917804718 0.09142910689115524292 0.18825437128543853760 -0.19885726273059844971 0.11586342751979827881 0.29693597555160522461 0.17533886432647705078 -0.19808454811573028564 0.13426908850669860840 -0.04096019268035888672 -0.11441405117511749268 0.19106186926364898682 -0.10106395184993743896 0.10675741732120513916 -0.10066984593868255615 0.00007985718548297882 0.08298031240701675415 -0.00106503814458847046 0.29470932483673095703 -0.04977689310908317566 -0.36086064577102661133 -0.07488987594842910767 -0.06948278844356536865 -0.06762761622667312622 
0.23489727079868316650 0.08100875467061996460 -0.08664398640394210815 -0.11471339315176010132 -0.22457574307918548584 -0.13594046235084533691 -0.07789544761180877686 -0.04606275260448455811 0.22951133549213409424 -0.26335558295249938965 -0.20998108386993408203 0.23560193181037902832 -0.09896196424961090088 0.09344705194234848022 0.18149384856224060059 0.22783374786376953125 0.08878339827060699463 0.14397548139095306396 -0.16000808775424957275 -0.06419043242931365967 -0.06420174241065979004 -0.00562542304396629333 -0.06038353592157363892 -0.16956336796283721924 -0.16148768365383148193 -0.11875203251838684082 -0.09991377592086791992 -0.05180940777063369751 -0.21489149332046508789 -0.14894825220108032227 0.12900173664093017578 0.38229376077651977539 -0.05283256620168685913 0.06370747089385986328 0.18392702937126159668 0.16049630939960479736 0.05573904514312744141 0.19487081468105316162 0.15044087171554565430 0.08028993010520935059 
0.06629513204097747803 -0.29439175128936767578 0.07874864339828491211 0.14131627976894378662 0.11041035503149032593 -0.21218784153461456299 0.07100988924503326416 -0.38993376493453979492 -0.15642273426055908203 -0.11049842834472656250 0.17761130630970001221 -0.12796260416507720947 -0.10048463195562362671 0.19910289347171783447 -0.02721820957958698273 -0.31230431795120239258 -0.00691162422299385071 -0.30053442716598510742 -0.11231243610382080078 0.06281995773315429688 0.12233935296535491943 0.10751213878393173218 0.07618425786495208740 -0.13388100266456604004 0.04554234445095062256 0.06158586218953132629 -0.28174525499343872070 -0.16592474281787872314 -0.07546168565750122070 -0.08113931119441986084 -0.05358139425516128540 0.14298711717128753662 0.00955265015363693237 0.24053260684013366699 -0.07320892810821533203 0.15363043546676635742 -0.01998627185821533203 0.13148942589759826660 0.11471749097108840942 -0.11196424067020416260 
0.02611291781067848206 -0.34429195523262023926 -0.14343535900115966797 0.15309819579124450684 0.04814428463578224182 -0.15011090040206909180 -0.16998310387134552002 -0.08796507120132446289 0.24968862533569335938 -0.01124932244420051575 0.00044953171163797379 -0.15664817392826080322 0.12415287643671035767 0.14136871695518493652 -0.06940896809101104736 0.17794069647789001465 0.08288587629795074463 0.13254733383655548096 -0.13450373709201812744 -0.02288129180669784546 -0.30675235390663146973 -0.25310376286506652832 0.27741932868957519531 0.06951687484979629517 0.12408906221389770508 0.06480983644723892212 0.19263166189193725586 0.08208046853542327881 0.11738656461238861084 0.17958649992942810059 0.06924568116664886475 0.11007393151521682739 -0.20258134603500366211 0.18584895133972167969 0.00305503606796264648 -0.20120640099048614502 0.07721363008022308350 -0.05951051414012908936 -0.01726111769676208496 -0.28483620285987854004 
0.10662546753883361816 0.09697829186916351318 0.31296005845069885254 0.03170060366392135620 -0.29601153731346130371 0.13940346240997314453 0.23328463733196258545 -0.19345358014106750488 -0.12531502544879913330 -0.07641881704330444336 0.08145180344581604004 -0.05422781035304069519 0.02088133059442043304 -0.08957092463970184326 0.07170033454895019531 -0.22425866127014160156 0.34796726703643798828 0.13878354430198669434 0.12638930976390838623 -0.15239325165748596191 -0.19887186586856842041 -0.23440501093864440918 0.13644130527973175049 -0.18634963035583496094 0.03501069918274879456 -0.05103475973010063171 0.09185804426670074463 0.09230236709117889404 -0.02619421109557151794 -0.16324122250080108643 -0.26802369952201843262 -0.01570857316255569458 -0.27813321352005004883 -0.01342111825942993164 0.02670033276081085205 -0.11237060278654098511 -0.07368288189172744751 0.09382291138172149658 -0.17516607046127319336 0.05466143786907196045 
0.20275564491748809814 0.08231505751609802246 -0.09656569361686706543 0.08603210002183914185 -0.00418319460004568100 0.20352403819561004639 0.25074476003646850586 0.14155544340610504150 -0.14628405869007110596 0.06569815427064895630 -0.17430745065212249756 -0.32850554585456848145 -0.12309031933546066284 0.07228247076272964478 -0.05601190030574798584 -0.05797242745757102966 0.11769255995750427246 -0.10498405247926712036 -0.09882935136556625366 -0.10085114836692810059 -0.01770699582993984222 0.06544569134712219238 0.06090917810797691345 0.05982120335102081299 -0.28107675909996032715 0.22553898394107818604 0.07991030812263488770 0.02578708902001380920 0.00876411795616149902 0.25472465157508850098 -0.10340968519449234009 0.44501695036888122559 0.01450893003493547440 -0.26357698440551757812 -0.11663217842578887939 0.00670663267374038696 0.07981267571449279785 -0.14092299342155456543 0.20163235068321228027 -0.05117747932672500610 
0.20942619442939758301 -0.20842845737934112549 -0.24184347689151763916 0.01825843565165996552 0.12965306639671325684 0.11143594980239868164 0.15475355088710784912 0.07083850353956222534 -0.32325661182403564453 0.09123292565345764160 0.05379610508680343628 0.01781416311860084534 -0.13791774213314056396 -0.13803523778915405273 -0.27088668942451477051 0.22101683914661407471 -0.03254009410738945007 0.00498611805960536003 -0.25385251641273498535 -0.00039900839328765869 -0.00067371129989624023 -0.00727501418441534042 0.27945342659950256348 -0.16781412065029144287 0.06850215792655944824 -0.16543325781822204590 0.09562547504901885986 0.03420015051960945129 -0.22200627624988555908 -0.03608637675642967224 0.20102120935916900635 -0.19673728942871093750 -0.17492671310901641846 -0.09066870063543319702 0.03633182495832443237 0.05280018970370292664 -0.22202506661415100098 0.15609790384769439697 0.03061591088771820068 0.24064394831657409668 
0.09013713896274566650 -0.15108208358287811279 0.12168252468109130859 -0.21379926800727844238 -0.08701637387275695801 0.20345340669155120850 -0.18965704739093780518 -0.08433221280574798584 -0.11154539883136749268 -0.02487061545252799988 -0.18689371645450592041 -0.00405318941920995712 -0.08368453383445739746 0.16892535984516143799 0.08233118802309036255 -0.17545342445373535156 -0.14867573976516723633 0.01851996593177318573 0.14087976515293121338 0.19886979460716247559 -0.15583267807960510254 -0.19145512580871582031 0.14468434453010559082 -0.34163343906402587891 -0.15316617488861083984 -0.02529342100024223328 -0.18405379354953765869 0.03365140780806541443 0.15174850821495056152 0.21505171060562133789 0.34386348724365234375 -0.11989524215459823608 0.02035429701209068298 -0.09265565127134323120 -0.02396630495786666870 0.15433131158351898193 0.13018427789211273193 -0.28202700614929199219 -0.11982153356075286865 0.09855491667985916138 
0.10862381011247634888 -0.30836033821105957031 0.10432856529951095581 -0.40945538878440856934 0.04308819770812988281 0.12112589925527572632 0.01769582182168960571 0.05100012570619583130 0.18181508779525756836 -0.02038373984396457672 -0.19370602071285247803 -0.00107074808329343796 0.13112461566925048828 -0.20921829342842102051 -0.28214895725250244141 -0.16230183839797973633 -0.08156121522188186646 -0.11399139463901519775 0.01415182463824748993 -0.08754574507474899292 -0.21909816563129425049 0.10078449547290802002 -0.04350865632295608521 0.01335328072309494019 -0.13761073350906372070 0.27258905768394470215 0.15499284863471984863 0.08846546709537506104 0.06143294647336006165 -0.28224956989288330078 -0.08386047929525375366 -0.05705116316676139832 0.13109651207923889160 0.05729218572378158569 0.16562101244926452637 0.16747805476188659668 -0.16620832681655883789 0.10429109632968902588 0.08916366100311279297 -0.16811588406562805176 
0.21536840498447418213 0.12165176123380661011 0.05795312300324440002 -0.17591823637485504150 -0.07090731710195541382 0.08507006615400314331 -0.19806405901908874512 -0.20390331745147705078 -0.12691041827201843262 -0.15981531143188476562 -0.11377390474081039429 0.00970065500587224960 0.01055207662284374237 0.13681310415267944336 -0.05780307948589324951 0.20996975898742675781 0.00429404806345701218 -0.27060589194297790527 0.20366209745407104492 0.10026247799396514893 0.18271414935588836670 -0.17595022916793823242 0.18960112333297729492 0.32980480790138244629 -0.13019393384456634521 0.18920999765396118164 0.11045118421316146851 -0.19066022336483001709 -0.10573180764913558960 0.12813648581504821777 -0.10413583368062973022 -0.11167661100625991821 0.04079405963420867920 0.20864592492580413818 0.10597663372755050659 -0.28712397813796997070 -0.10602806508541107178 0.07133468985557556152 0.05291236937046051025 0.21550661325454711914 
0.04929855465888977051 0.01967199519276618958 0.30212202668190002441 0.02284397371113300323 -0.13542442023754119873 -0.22990441322326660156 0.09595885872840881348 -0.00745329866185784340 -0.13009108603000640869 0.16428069770336151123 -0.15202638506889343262 0.20483726263046264648 -0.15079818665981292725 0.30123338103294372559 -0.00482166232541203499 0.25838735699653625488 -0.04982509836554527283 -0.01905177719891071320 -0.28708142042160034180 0.06195946782827377319 -0.00908641703426837921 0.25958532094955444336 0.14562992751598358154 0.09011099487543106079 -0.29829978942871093750 -0.05218385905027389526 0.03648902475833892822 0.05892071500420570374 0.18425181508064270020 -0.15137666463851928711 -0.14991058409214019775 -0.19521993398666381836 -0.06204549968242645264 -0.05379103124141693115 -0.06770543009042739868 -0.00728111062198877335 -0.06389916688203811646 -0.13174159824848175049 -0.20336803793907165527 -0.24828001856803894043 
0.21286691725254058838 0.07791887968778610229 0.06163936853408813477 0.24299085140228271484 0.08940959721803665161 0.03107763640582561493 -0.03834734857082366943 0.20164640247821807861 -0.23808886110782623291 0.15573397278785705566 -0.21169760823249816895 0.18186837434768676758 0.26307445764541625977 -0.11037983000278472900 0.25698509812355041504 0.01372651197016239166 -0.22119264304637908936 -0.27030959725379943848 -0.04357774183154106140 0.05242727696895599365 -0.16880173981189727783 -0.27031558752059936523 0.11545492708683013916 -0.14142838120460510254 0.14865393936634063721 -0.10315433889627456665 -0.00641036033630371094 0.09508564323186874390 -0.10097385942935943604 -0.16113087534904479980 -0.15759845077991485596 0.08067177981138229370 0.29901593923568725586 0.10977934300899505615 -0.03953516855835914612 -0.07376804202795028687 0.11534152925014495850 0.03627470135688781738 0.09871672093868255615 -0.15663267672061920166 
0.13160771131515502930 0.12392427027225494385 0.16911791265010833740 0.25105205178260803223 0.15488113462924957275 -0.00611122604459524155 -0.16302222013473510742 -0.09201020002365112305 0.29780158400535583496 0.22779607772827148438 -0.05015378445386886597 -0.19420544803142547607 0.10943724960088729858 0.00334203429520130157 -0.18341319262981414795 -0.05323614925146102905 -0.20443747937679290771 0.00127525965217500925 -0.05038190260529518127 0.19689098000526428223 -0.07993660867214202881 -0.06171591579914093018 0.09613728523254394531 0.15544955432415008545 -0.05241289734840393066 -0.07621924579143524170 -0.29096987843513488770 0.00774346385151147842 0.12166850268840789795 -0.12509682774543762207 -0.10068178921937942505 0.13501960039138793945 -0.13245885074138641357 -0.31016746163368225098 0.23949110507965087891 0.03808331489562988281 -0.07715233415365219116 0.18273718655109405518 -0.11695652455091476440 0.28804814815521240234 

R = 
3.44792675971984863281 2.40075373649597167969 2.96577858924865722656 2.81896662712097167969 2.54298901557922363281 3.13669037818908691406 3.11561536788940429688 2.84842801094055175781 2.71183872222900390625 2.69711327552795410156 2.26722931861877441406 2.93061089515686035156 2.91027092933654785156 2.42376136779785156250 2.79817318916320800781 2.73826766014099121094 2.56081795692443847656 2.72202014923095703125 2.31835913658142089844 3.05395936965942382812 3.37340331077575683594 2.44860625267028808594 2.68217778205871582031 2.88262414932250976562 2.93902206420898437500 2.83140897750854492188 2.74812412261962890625 2.83517456054687500000 2.55029463768005371094 2.60678529739379882812 2.93258547782897949219 2.81052064895629882812 2.58004188537597656250 2.72871255874633789062 2.69834136962890625000 2.35879397392272949219 2.35990977287292480469 2.22894930839538574219 2.00544762611389160156 1.89966535568237304688 
0.00000000000000000000 -2.37324023246765136719 -0.87295460700988769531 -1.52868497371673583984 -1.15774261951446533203 -1.31472313404083251953 -0.81755113601684570312 -1.76603603363037109375 -1.24315750598907470703 -1.18550050258636474609 -1.43348741531372070312 -0.89555478096008300781 -1.10837781429290771484 -1.22951316833496093750 -1.22118675708770751953 -1.13223433494567871094 -1.33818411827087402344 -1.71406352519989013672 -1.42821097373962402344 -1.23467648029327392578 -1.10649657249450683594 -1.33653128147125244141 -1.18695092201232910156 -0.90392404794692993164 -0.80198502540588378906 -1.13658094406127929688 -1.19697952270507812500 -0.40329453349113464355 -0.88172626495361328125 -1.13994681835174560547 -0.89172661304473876953 -0.81466811895370483398 -1.03781545162200927734 -1.22996246814727783203 -1.28346979618072509766 -1.36774086952209472656 -0.87211531400680541992 -1.13296782970428466797 -1.20930707454681396484 -0.96516954898834228516 
