Q = 
0.11984756320491662951 0.23715872631505915957 -0.07808723109307452726 0.06116852638790148955 -0.15589161429029671502 0.13860707977089178899 0.17332669750068754877 0.11125842585679443508 -0.12280832783791130469 0.14839410752340045918 0.08969314615422664672 -0.15864761433812665792 -0.13734399755203594018 -0.24252414659453472301 0.20730182997415080859 0.03763240856696344755 0.19073047982753124630 0.15277029054230831240 -0.14029866293080175965 -0.22991405477095894216 0.19432569493710710740 -0.03000495377334033709 -0.02651721391149641088 0.11862435481560611172 0.00709796812908453437 -0.16634042326511469523 -0.11080075007853587565 -0.01899100300582221013 -0.24834105738876807723 -0.04601500235532658689 0.11309218379983183855 0.28363894950245055471 0.18280928236109575402 0.04028283277401469714 0.24431764709365669241 -0.15896746085561111461 -0.15012704248763741877 0.17394142173147364439 0.25181871325895144320 -0.14809725382480923295 
0.18711438048284498303 -0.04716314241557661990 0.19694392769187718528 -0.14883002368073855459 -0.18418714343516850995 0.09827444168967490457 0.02426411591916091334 0.16533508224755991134 -0.07657105021250663890 0.07392777854022342110 0.09231255535601737283 0.10795034257362198793 -0.34944801573209222090 -0.06940791615590087560 0.15606723214531117994 -0.00649400138460618035 -0.10327630407085298947 -0.18923490650871521712 0.15542478127794662202 0.21468474109445281894 0.19346515799036917427 0.09953646244257766118 0.07826990880241353754 0.10094344881415985571 -0.15049160912091846809 0.17024957150807826234 0.21250366627097214134 0.06516605365877084499 -0.14937458188689964333 0.01387420551901989881 -0.04953824446262931891 -0.15357168113257962938 0.04743371871507550547 -0.00053478942261087970 0.26199890609369641536 0.10869128385980847407 0.33892843811990325253 -0.25588636914224810459 -0.04710536984295855822 -0.22859111373257517963 
0.04001017207085877381 0.23630586789504040568 0.12939723163971880715 -0.05585786356723231039 -0.21347828531595064439 0.31412563331097098640 0.14580825517673556835 -0.21137337486308518941 0.23523874626966051471 -0.16217444677762213323 -0.07344832481961503790 -0.03934132766872422415 0.01034336555849120140 -0.00077108293402799013 0.22126461207434275358 0.14435955531382907435 0.18924574352189524329 -0.14734894027486991619 0.11498526928549242243 0.23559571544913512908 0.22621836824963387214 0.02480945074773323322 0.06481386999809007898 -0.01083072330986555726 -0.02993669860456482645 -0.13332012802598103285 0.14171196904969868280 -0.01524195790871830068 0.00524139086965758668 -0.11018326431254008013 0.19723262009637784753 -0.07618984225978732427 -0.09113037190648788644 0.07230558821255080038 -0.28312726320921755008 0.03655567275124711746 -0.14764571844652080168 0.23729501842642350407 -0.30214357456530094304 0.10664989222906801070 
0.28389135727922193420 -0.14592379779822545194 -0.17390319879352497678 -0.02598143129274203822 0.10095033226720288855 0.10157456170823556119 0.17787678740973827951 -0.16290098473237904497 -0.14245462242185927271 -0.20397286431777938986 0.17218094344264595064 -0.14273428512076360986 0.24268101757761678661 0.04907660260113854561 -0.10095425776679636809 -0.04089900090864604515 0.18891506729153406674 -0.12138412984501015246 0.16297382295298701305 -0.23871347131454470625 0.03879222794216501125 -0.06923346589958306874 -0.25017149933640975279 -0.17102405872662282404 -0.10409883287735463564 0.28413396756848813274 0.01236369461726556825 -0.22779014805091901685 -0.11930877554921777428 -0.18156233691482023818 -0.12588345805623896156 -0.04054947562530572536 0.07562582089207421643 0.19267283795227854726 0.06338564633213451815 0.22100080093937071735 0.03046079771687845023 0.07698778957198118555 -0.13482806703014235672 -0.20564268312316572040 
0.18856244448877190756 0.08061166077347482750 -0.02312949634996888659 0.14501591839264402206 0.15030730361492386504 -0.12264000488291532109 -0.13910563671761955185 -0.16575360790550516810 0.13955285485115648259 0.12459725539523280879 0.04691379893653904037 0.06845257208710484043 0.06632833296932311162 -0.23899704505067084770 0.06725563620394703346 -0.00512042925752828788 -0.20463615895721926075 0.03214491946126500632 -0.26471020676675011130 0.14332572243348171148 0.01513741450584781684 -0.25943166317913995966 0.27088511640382190171 0.02447673777177277951 0.03854132251307765267 -0.21042238765419174484 -0.16112231865638818040 -0.31835511311197389750 0.02204797786915471680 -0.08767808823289699460 -0.08017206639157249681 -0.16399928940776101194 -0.03512046009477957920 0.26934766361037471016 0.14193370594365767312 0.06368237515132617321 0.28271340905379166442 0.19936840867926627907 -0.16392669119401070965 -0.09917291914053617818 
0.13147516904334671795 0.14709485461191235123 0.19904492178910215827 -0.15938290004497368546 -0.16537394275890227036 -0.33240147567408678819 0.13298021641083407340 -0.09388410004397229613 -0.17003188150461318040 -0.24491925718229284881 -0.03220007543722555599 -0.07142126564802996069 0.16962557643239389860 -0.01896296423442796544 -0.07402618544783687304 -0.07125330406539066852 0.21902667672489753437 0.14550385235547139140 -0.03905979837734058907 0.19108273481400597782 0.06303513148663798804 -0.03403172823867089969 -0.27638241694062898324 -0.00073528611547051448 0.10790848400275185326 -0.27776659783639207069 -0.19765291496221795708 0.20762030507930739898 -0.07249327000734755166 0.22905723858130613846 -0.06636018832587327332 0.03531582260883767838 0.09310883708760187005 0.06998916181562007954 0.07456574056341233603 0.06851975063919824027 0.29547826813394101331 -0.12668630771380012812 -0.11230240680460584768 0.18481616612674925393 
0.01424808993401775227 0.10111440336055046996 0.25605680848208767220 0.11005959982450133627 0.03385057249181503553 0.02961372688984538828 0.24707988604883637795 0.01050197962655509409 -0.24703490411686920836 0.15572987031557952720 0.31110439487213709109 0.03835593571698595050 -0.03370158857435983507 0.07530395954934075708 -0.24022901113513106530 0.28273402996059376902 -0.02628737146681686676 -0.13151008377134221217 -0.23048437910923777472 0.00589457248720303469 -0.18048374123481469855 -0.00530501181272648604 -0.11439807526475842536 0.16966279674505427288 -0.02187962600957244624 0.08147337545980723461 0.11008282427864400643 0.26054856016037014621 0.35568379063242522298 -0.16594411203446940428 0.01218416134161140994 0.09509001548188432407 -0.06940225272725440708 0.14535521534440504210 -0.02434764890246792976 -0.15707009768176607989 0.11647957871635819527 0.20591971067989844890 -0.11492323005914985290 -0.06601894798913646167 
0.17426564081924525440 -0.01498536656727783752 -0.08862707647220265106 0.07616116501349537438 -0.03503850605792950546 -0.20822786983765495528 0.17118410547883489148 0.28944227311442249917 0.11365459229159773080 -0.00640014515759488450 0.33163140068741159272 -0.20003042708289286988 -0.10626050182787631637 -0.10924472373901933375 -0.14238541054098288741 -0.15011081799837019957 -0.12120585818233353681 -0.00465117770829859885 -0.09967211432689847272 0.23700477154491711440 0.01212054522608033147 0.27118718249839440793 -0.01460493603753399393 -0.15662934145026788380 0.47607170296050654867 0.01897636366138748601 0.14452857942251248757 -0.14233530455505338796 -0.01446450379508570916 0.06348037292180318258 0.12557535340228298537 -0.06231858961513781631 0.09496198027948964115 -0.03171029557848826369 -0.18821248654515759791 0.12125814876020515887 -0.17358206518143159958 0.04668186889179464644 -0.03904628223771412776 -0.06179619394092885493 
0.11058306884452479002 0.29740581639161400851 -0.00190090761441774462 0.10327853151423675715 -0.09416332712123866300 0.09810622249341491297 -0.32225206161530445259 -0.00454602875972668751 -0.06823177985150986891 0.07770372659955616934 0.06263144806604399595 -0.10750367249763805033 -0.08429607264051441895 0.26484031270602231833 0.14104783049925553873 0.16908943748484522862 -0.27423563973581921438 -0.12319791328017749843 -0.19855130496067663337 0.01980556059142187311 -0.28143658182700065362 -0.06235275766238899259 -0.38478538704170228701 -0.05224818685503071491 -0.04868372628898817028 0.02596564865768277025 0.00440991593919003947 -0.10677212100164028274 -0.25758729962726123475 0.06405851899918775516 0.12756460346520445692 0.02672243072540393324 -0.02849188694082542897 -0.00061159558941875126 0.10086607488900024843 0.24812133023310953273 -0.12032607376118277520 -0.09190732870395748599 -0.08472656355648060245 0.21388234267383338105 
0.00056677343024483815 0.25613789372133705102 0.14058198973700955503 -0.18591087294715472056 0.35819652742846602722 0.07988207998740766425 0.19188871347727365357 0.19377349746356453686 -0.00093403143990907682 -0.15341282048413854011 0.04010793629938123883 0.14944565751002131249 -0.07281619097425620635 -0.06942312909318110181 0.12378685298655706104 -0.15799744764817236220 -0.20868078205908000000 0.04950669772652637607 0.30969490670084975914 -0.05563938913990287838 -0.09083976957429187871 -0.06418655585873023206 -0.19391893924146591521 0.15178004261308430944 -0.13304892000916865302 -0.15633723710457861356 -0.02023294465232423900 -0.29098781415604674239 0.35024950225034640061 0.14079150043827801109 0.13855356139531471715 0.06926628062220675786 0.13190857114018444962 0.01901960371527403743 -0.03151059226565593868 0.15937476880232345766 -0.00362713020081549282 0.04783134049990558218 0.12086548112214093309 0.01796731469616973803 
0.03681713862823600414 0.00352197568721394341 0.35033697184925027823 -0.04914905537288533077 -0.11797741442316776739 -0.06870793512810316472 -0.16559228382977594918 0.29277863204466525460 0.22552946191117864694 0.25489860629720417773 0.19837289752672931931 -0.01714874690131736393 0.00220280334571884041 0.01834379882144911156 -0.04698862529872798593 0.00626885916324948327 0.37807287012385176750 0.19255607113365713623 0.15096980123390618678 -0.25463228566074702641 -0.12813042968406440636 -0.02180894290793277193 0.09008658529436308626 -0.05126358115834882268 -0.06650529455871848072 -0.10265081927310723553 0.06128717973377215134 -0.07506797960445074636 0.01213205843145023083 0.09116492379278803848 -0.21770655840565658612 -0.02153066115911135558 -0.31179826110192149224 0.14679595046370541578 0.03118500356036155510 0.25594553428976402065 -0.11997354882507245410 0.03690934965888115898 -0.07390800476147291187 0.03479945613632345891 
0.04947518375909092103 0.27661864877688135955 0.03813056587584080781 0.16053578957426234419 0.25551392075191997622 -0.26429363139929723525 -0.08048761413195142100 0.14159774122013732423 -0.01904007365379855113 -0.30174706410967144787 -0.12943334528395331051 0.20984324864744738348 -0.16217291511959686101 -0.18377732454675610452 0.12096617838038904724 0.00025406235756154699 0.12279734896696542501 -0.17076236703270517014 -0.17815151869945120011 -0.16140691259478218145 0.22509700523774955894 0.07919873670952411182 -0.02332003126477701083 0.05367650747487109908 0.08996656689824471254 0.20799405877925430941 0.04474130026156730028 0.10367330835495512653 -0.01812901578930721860 -0.28839323591520232837 -0.26069899964345411014 0.05080414054582451516 -0.14952830598699456965 -0.18028625508334464311 0.00042889800210970210 0.17017647687189502159 -0.04861608243261233281 0.05508516878161385383 -0.02200138340440353779 0.18704251643720062881 
0.21745609787965103354 0.10934439091263237209 -0.19926748569356644847 -0.01956897866005795003 -0.06504230871548041804 -0.21806683170354268508 0.23352015835478417971 0.02496634234314106665 -0.06837433579072252354 0.35381666090985525175 -0.18370135223185146689 0.04005285757686709996 -0.06226539817341234656 0.02786231726642892856 0.04342063009686195768 -0.15749769511857694693 0.05295943467150535794 -0.13356222438479070647 0.01904327012935819186 -0.01836024659593629704 -0.03021444622399312163 -0.08800127104299869385 0.01384613875736126834 0.06129769359621125430 -0.13661125304785404211 0.08812597446121399336 -0.08288603047469428331 0.05333360326349013969 -0.05235812358523244531 -0.12433842301738383396 0.15584937602057333250 -0.07518019949319774964 -0.18535497459036220924 0.32957622820458432056 -0.43546160535369460298 0.07778962102517913979 0.06877462244299271943 -0.19216178938915556840 0.27761449821832862028 0.14681727483047343763 
0.22138738971241550546 0.01004014197441700611 -0.26573157258992319285 -0.10090288563605065431 0.08539190041644173501 0.12567180974450745112 -0.12595752520066111346 -0.01689636376764260678 0.32626399399212513419 -0.13003092245142100492 0.11627056763361472147 -0.01468670586871712036 -0.25752537038955458648 0.10730377571420146587 -0.20014727319222505586 0.00602653268273650473 0.04116507590797541943 0.14127135007970517688 -0.09676688312256583047 -0.28040670501698422568 0.08118911655415884943 -0.04968452704159014716 -0.04721809930639150887 -0.14572604338154138137 -0.04351685871954402707 -0.16231170969714558971 0.03610284049490632141 0.32571219341092477739 0.11580366798320355926 -0.02408976788692506268 0.32956817926768439131 -0.09781237749398000170 -0.07366549711213231377 -0.14070964683292180863 0.01168803414360640100 0.11214610662796437035 0.34102372508519634975 0.07897424482386139477 0.07328218459556137820 -0.00441777193465971857 
0.23331217468034434748 -0.19356927978435400917 0.00511258936456688174 -0.11119550496625464631 0.19551762336539627030 0.09934173326731322862 0.08407585953162857728 -0.04357506331003777045 0.04620534988258362397 -0.06340413929288551964 0.24660822419758232638 0.04352477545235787504 -0.06697607993850722419 -0.10543953917638575202 0.01735699469166680081 0.09077462009849901481 -0.10658150707797740819 0.28773795945281738229 0.01143789812631568897 0.24913789053270796181 -0.18222089907836599987 -0.21284091215661796181 0.04770410022366312897 0.13004009376447364654 -0.19047385888972231949 -0.06845186250800840144 0.06706226659791691969 0.15356062443990389776 -0.34896532467673579969 -0.11911810231813685368 -0.29122436441875282354 0.18647485372604974407 0.03830454357615494659 -0.20525309186714718601 -0.31191028087594124818 0.02809558934171926120 -0.07188440425617879936 0.03091058346743824625 0.05276975161541506282 0.12810971046386332439 
0.05163541482266357369 -0.03963824322493464392 0.06903594098527984779 0.37443412012334531536 0.06416950572279764287 0.15520066163652967983 0.23066284103530967919 -0.06331969509315917011 0.16640288704317940383 0.07472328424610921727 0.11331250087134735194 0.02571931931868000343 -0.13857668251101917800 0.04781912577436996797 0.30897666530116524308 -0.17060906377505719034 -0.06833690006452310117 0.12738024589174301582 0.12082145359214004066 -0.08059800262442981533 -0.01436868889107946121 -0.14867521162279431768 -0.10758729138019505756 -0.05691791129622312401 0.15973979848594413444 0.14833767030939501441 -0.38256873512231343026 0.32422196453280482942 0.10038747404146350362 0.08958217281772994089 -0.12002197327509381286 -0.26383157618695995961 0.05361244639043493548 0.02729726698310577793 0.05938596063712730383 -0.06022144230150240640 -0.14472350737297540180 -0.15186185423120726612 -0.19234640904549893392 0.02303856080474233486 
0.17825240939431211129 -0.03574668762310789089 0.15662701574326720610 -0.17495665702956522680 -0.07184562794693885590 -0.15605546438309988999 -0.10008325443779288177 0.20970673790244612200 0.10310585435289114364 -0.09201373576523118325 0.10286300213233892653 0.14209022165700369023 0.14456563126055582691 -0.03369629433031581800 0.21620013233155047083 0.24053860887978376071 0.00605643924043566730 -0.01127281601231666826 -0.18923770946177931318 -0.31602347700205268843 -0.01059975231494058624 -0.02717798379642704862 0.05099525701910216646 -0.09084436339741389088 -0.09602542342206168979 0.17698468231038477771 -0.06525142127176715434 -0.14349721029897752334 -0.00866509343530372927 0.09185748411759345200 0.13376689759749058051 -0.10497335176893370090 0.33418112551044276692 -0.03722173912768911991 -0.30265270795777360346 -0.37731552009163626948 0.06836609254193345975 -0.14159498123008046333 -0.16959144181877461310 0.03020365223361199530 
0.08976357094144839233 0.08332451229831376593 -0.11817698127894091242 0.21563589819226705591 0.22994557563115702870 0.03002417348170010464 -0.02740146980952132272 0.29730872897199872584 -0.02305222158755624098 0.20950227459580841871 -0.27272590841417770902 -0.04988966066514240877 0.13707732795218310895 0.14688060007081857328 -0.12792038533260527422 -0.15613342374096036980 0.19029620564692051321 0.13929550824178996149 0.01830868216606928306 0.08137110107411713034 0.00216571197237206770 0.02458981201320983509 -0.11730742731731684525 0.26418435501217252259 -0.13631771134347545060 -0.09144692554251493410 0.30445482811037327675 0.04644330152054609168 -0.13091626318086219127 -0.02913173580363068518 0.00762511683645149523 -0.31520824570441158263 0.28364240928528372532 -0.06352612384007257085 0.04465549561818832336 -0.13135364047151068534 0.02818574499156495383 0.12593196654723004535 -0.26528582033308262256 0.05019396272861902791 
0.04415319349742138216 0.10731653723991436966 0.13256824040530709730 0.03867092918859611067 0.20360562809803736672 0.03739957624774991468 -0.13722734707668282628 -0.06045745162488555535 0.12158634069285532975 0.21103629296354853295 -0.06495721414365283886 0.16027739267440968551 0.20999518587538226755 -0.01720981001389725040 -0.12754789538953323347 0.25852005966131447190 -0.21981874260751582684 0.20016749832170296908 0.02425705423144539075 0.07280490787751013604 0.46165901357991562248 0.24537790394852507236 -0.25195065841188724054 -0.21395004322589422641 -0.05870684155622642175 -0.02500138912103874386 0.00453519213482491725 0.15606295134316547357 -0.02918391773695815442 0.04470540309831039227 -0.11047821707804510172 0.03275629204538137856 0.06508323709417379588 0.21785331399724752743 -0.12253459610846731409 0.06130074279468186033 -0.11690893781797422057 -0.08330615901632544562 0.15716402249667568713 -0.21949482400908471025 
0.09880217147500727770 0.01135030609020799310 0.02763561021963460360 0.18793410693720505322 0.13470853538998017740 0.12148897290165470986 0.14289536448816278491 0.03410075440239723754 0.06375290128668642531 -0.28296918304713303272 -0.08065829849997023515 0.06191214108047843334 -0.25153234094273330124 0.16512897499167353277 -0.14946613828001861779 0.10549849305865521831 0.25380332499026270199 0.04957140192121146927 -0.24446745118322213419 0.16995752476034112211 -0.07083946723893141950 0.07676414055727091845 -0.09535111552796249335 -0.01914830814587935651 -0.12484295501214075219 -0.13524986547819850546 -0.08261422558436108676 -0.32602469601957939638 -0.03643246740018658142 0.10381428070781270612 -0.05962634082749352499 -0.09855626915544773992 -0.29469774658833913783 0.04324992619756638790 -0.00924888258066572377 -0.28033748636041805335 -0.07537618784391460214 -0.31048961083060466759 0.11280174007615087484 -0.22493149709883991649 
0.07973941196141513810 0.07323710999469690286 0.28299859075870087421 0.19867251961017134976 0.03338159766617551649 0.11735793731406751750 0.01867398395329121843 0.16429997608333138381 0.10990001015614202229 -0.02164137669521963223 -0.07849586115896495242 -0.44092082196422077711 0.04483701854439106627 0.08356614841697575236 -0.28028318887329861653 -0.16679036018352214055 -0.10594737253003221056 -0.17710608532749055888 -0.07310268077099602024 0.06126938246116202247 0.26780840783653309112 -0.22111906264928762877 0.20609885144057629724 -0.10310053198179382206 -0.25323067414963623678 0.20763004442082266809 -0.16040070181387408588 -0.03713088845598370297 0.03619582820457531436 0.16240658431358223623 -0.02119220393291649032 0.23509075610005233936 0.06217801325823958669 -0.12504979500153218241 -0.05928958544584436025 0.00594580268411302841 0.08631949974543248749 0.01602941164871284768 0.06174091329205195350 0.14236320072304733952 
0.22138276673911486125 -0.07444363850252026793 0.10066210837167864633 0.19164943812563794978 -0.14524655068556907578 0.09283488740987023979 0.02830575909683758634 -0.11614576337369995895 -0.03144531091010113050 0.11185853148951234448 -0.23177820570266433053 0.13465895923120307920 0.09779111395747457081 -0.38608521033244713738 -0.08150285512735089277 0.11221007938982156815 0.07619790909744536545 -0.19458227246737738736 -0.01393542583063966944 -0.07156013022445621707 -0.10937317048998905500 -0.33230894514522524297 -0.18053041833923133552 -0.07160139489146245817 0.15838372370719180915 -0.05586016076816674447 0.25496475215549724291 -0.00258445173024167288 0.11575083218629654558 0.28254625596787136255 -0.01637876037090455622 -0.11002535715776716463 0.00099298415597510537 -0.33169778098627805685 -0.08504450298427609911 0.11185177327033479777 -0.04023982014791092909 -0.01206655499204287510 0.18124313192174573706 -0.13808218873996494502 
0.02938390328788082276 0.21674334664995059674 -0.09744477106991208948 0.00221763695149009704 0.12994239193458628767 0.30353766951010929809 -0.12686160242029165257 0.07243713218820836686 -0.03011299690479531457 -0.01990274606951540626 0.29003420082740200003 -0.06941136833456712507 0.43262150250740072366 0.13984797183087885331 0.12830604920209146003 -0.04347724723460788532 0.05290737294171161259 -0.15094616391060658445 0.03417753700611779466 -0.05025741470629437047 0.09799200139200141269 -0.04980253128040554311 0.14332156737848994466 0.26290962823225511036 0.35340935762254255259 -0.10611988849097360454 0.08970137047856281687 0.03954500248877524521 -0.00773157761978989552 0.00465658515510064715 -0.10629668950608388289 0.00666185034671928043 -0.15714488112910252049 -0.05248505512166310588 -0.08528678818829789343 -0.07760450357727892434 0.18573755057938554081 -0.32925229104938513736 0.15789088941672663191 -0.01367178076642881074 
0.21451697816397066743 0.00943866135277134262 -0.05298597661384089191 -0.02020279363276821644 -0.25298042085576477600 -0.04498146527962509911 -0.26581177144392398315 -0.09796471043750493157 0.17711992840453910647 -0.16319709388475797662 -0.04953559391207946333 -0.21984963298857851388 -0.00543032960983975185 0.09538756319278612894 0.20582155115892203368 -0.08989048375307957806 0.05669146136412860776 0.16002297459601699803 -0.10702707048701001757 0.16013532104916355925 -0.08145424827285747960 0.08366293250322001662 -0.10514267427034500180 0.25381604834215104605 -0.06185009638931417142 0.22246903509575544078 0.09823330076722597282 0.02955018272972639512 0.39913836178727135628 -0.00497245399585160685 -0.26573579074958297852 -0.06228466990782323409 0.15398782925527859655 0.13005594502951883795 -0.02443891117269813423 -0.02245452575852000324 -0.04159782322303035712 0.14726244157361340070 0.33392992276303501420 -0.08174086397488249112 
0.28779500255965168032 -0.19431421680946334152 0.09262002023194997047 -0.05816237556898910116 -0.20117476647545595725 0.00770315517102138601 -0.10758600938718335116 0.01757918197303279945 -0.00738935609240324882 0.08493956536235962307 -0.01549514368979583098 0.18340825127831195118 -0.00793855879919604622 0.21536148346636660444 -0.11217959677821319475 -0.25289898268129318293 -0.15877996263165633506 -0.31472627652143175814 0.02666840288066354980 -0.12663794928256044692 0.11635989092584908544 0.17158064822958468687 -0.13997642217534722597 0.19109575739912459946 -0.00187790788662309401 -0.36575875640542243605 -0.31696505615602837969 -0.05104593678521742589 0.01587940517262948284 -0.17591748172461624256 -0.14964807854116010666 0.04210782368742950477 -0.02424524624888411972 -0.21587229429817347826 -0.09228350042011072840 -0.08156738675554746354 -0.12666974104563896719 0.15523563974360179984 -0.07213282753498696798 -0.10429294709897901638 
0.11356377334262518497 -0.00638583268516664145 0.02293062626885639457 0.13776551417530052968 -0.06840375178299852588 -0.00392304422859315535 0.01398314414392468757 0.08464914627835014305 0.03838836460596389138 0.08774086968290409350 0.13486792045881543234 0.20309482684397964225 0.14210145726638653829 0.05068311708075975280 0.00663368272866773218 0.14061392647898790509 0.07372933852155401369 0.07215310632405673441 0.29378103886015893842 0.22700943997458203349 0.02960755925102727393 0.07287391195583663162 -0.13174231327475577347 -0.15906673118215194918 0.04717237958939843323 0.19492998891022736418 -0.15339698887335756483 -0.19315369604753807042 -0.05427763743546375197 -0.10526802879382772538 0.09603089848860237032 -0.12066644639739973477 -0.15363729480665402893 -0.19663183860440522355 0.18305959612911074097 -0.24411570631632761863 0.22559128235675854346 0.29637780975957334073 0.31116116772666863044 0.34233154183610364774 
0.22413193812572754227 0.00270845820108415189 -0.02802733773341727422 -0.02874034325834456602 0.25032645842702089256 -0.21497386667379028702 -0.15390347955693570170 -0.23194184998228600803 -0.00695484127034823232 -0.02950406003432232485 0.13876097034674050867 -0.18201862063583665319 0.00232757082090018870 -0.22752676788756734383 0.01037824395977451040 -0.03954874834431610503 -0.05881383860042743716 -0.18162249424187171254 0.18819368556331209086 -0.06284567584599645707 0.00558669378285808066 0.18230935463644423744 0.00670651730667848073 0.21345966240511282663 -0.15394446316045073964 0.06926379413249528216 0.05650254995544106568 0.14748900984842933104 -0.11075478318915803200 0.40588858458851900801 0.14628925639682785476 -0.04296762314454084797 -0.30972914994374267650 0.06717606972602201132 0.09634278966075827955 -0.28950778353585254754 -0.18317099970873768067 0.11243566678393739078 -0.07718284409731701601 0.03086495273366090045 
0.16694713114288381450 -0.05068218678375004810 -0.11605644557978053721 -0.15323919674613134534 0.02705157250937658894 -0.15416896706212104839 0.12827848966910632145 0.20022939605498760174 -0.04843761213927599146 -0.06979391297482316625 0.06795856005209656436 0.24702458748468050787 0.23999236459264591814 0.30625247163416940976 0.16642069645878829198 -0.04681214334763559443 0.00402316643857770183 -0.09142898122542934825 -0.18825422488994725256 0.19885722457786972339 0.11586320817633313784 -0.29693580249408263461 0.17533888812468084728 -0.19808458179828455914 -0.13426922231443233491 -0.04096034055562314952 0.11441397408967195204 0.19106175651644988212 0.10106406421297960130 0.10675728176640995881 0.10066997163859825459 0.00007992192492560374 -0.08298036051822202386 0.00106510143200096554 0.29470926590694146441 0.04977683683114023094 -0.36086055406677652879 0.07488956858399209437 0.06948290978120895411 -0.06762696422287189923 
0.23489729870214631768 -0.08100868436409146278 -0.08664391936555596030 -0.11471338592321027317 0.22457572355137589426 -0.13594046515641045048 0.07789542425999856912 -0.04606278652237970339 0.22951122728496836656 0.26335551768318959942 -0.20998104875183479234 -0.23560185428219868053 -0.09896186329879738675 0.09344701615573274001 0.18149383244070083077 0.22783349109091821649 0.08878332123731742798 -0.14397543986968372454 0.16000815609223784097 0.06419039328481777884 -0.06420163164190775817 0.00562544454989194909 -0.06038344376613594133 -0.16956323778983781181 0.16148735568120542450 -0.11875188072897538416 0.09991381666538148854 -0.05180928690127561964 0.21489163838104285986 -0.14894797507226958944 -0.12900157678686474672 0.38229367376671957723 0.05283262429012928335 -0.06370753472461963829 0.18392697281095249373 -0.16049613949994531725 0.05573939697991134312 -0.19487080781470014768 -0.15044068987688882788 0.08029061205184548355 
0.06629516033835777811 0.29439170594012298299 0.07874862385985849367 0.14131631996627155856 -0.11041042446005097655 -0.21218801848677376620 -0.07100989961036843767 -0.38993393901916995059 -0.15642271794135961804 0.11049840637669786081 0.17761137377847371899 0.12796259544282570508 -0.10048454869118514377 0.19910289434004346809 -0.02721830346759434791 -0.31230416148702122570 -0.00691164962293667334 0.30053451917788204240 0.11231237965218537900 -0.06281994843800925432 0.12233913548345572153 -0.10751223599496867456 0.07618430229525328945 -0.13388102791797806823 -0.04554244512225483904 0.06158589444093525572 0.28174515951360856736 -0.16592470710479173546 0.07546152636658874646 -0.08113930042355210759 0.05358133723112330771 0.14298714729255460054 -0.00955259877248943248 -0.24053246832087715745 -0.07320888290696675460 -0.15363052565433560348 -0.01998623497512879224 -0.13148925770511341038 -0.11471782967236342221 -0.11196406161396574297 
0.02611292162747901394 0.34429192278306469666 -0.14343533096526764337 0.15309823159652075075 -0.04814425786630430887 -0.15011089016814088692 0.16998311008859393056 -0.08796506491092431768 0.24968855584731489139 0.01124927476799147778 0.00044951481715410798 0.15664821846553478313 0.12415278242438124168 0.14136868718311337845 -0.06940905281031517493 0.17794073083318062700 0.08288601504363818373 -0.13254726094300928185 0.13450359382949830800 0.02288126941178023413 -0.30675219132149506018 0.25310361469348957586 0.27741911185792544892 0.06951684651821757321 -0.12408894314259885649 0.06480965165081369050 -0.19263160652465766143 0.08208041207027658159 -0.11738666587574227151 0.17958644474747262332 -0.06924555407085593306 0.11007387850138222740 0.20258119489425890913 -0.18584857633200552174 0.00305538204882245404 0.20120641242336007037 0.07721323929205994863 0.05951080620309717739 0.01726017230667314245 -0.28483637916048598626 
0.10662547662220456246 -0.09697828560909112217 0.31296017654881191916 0.03170061897896328529 0.29601145180206411833 0.13940350268538012624 -0.23328477455090018688 -0.19345355976414563282 -0.12531499248727787088 0.07641894081094316449 0.08145189986638322333 0.05422774232032064046 0.02088130782032097607 -0.08957095253999167173 0.07170034172863763711 -0.22425870793503138723 0.34796738631012202880 -0.13878347956992723167 -0.12638934648238997482 0.15239323489982367632 -0.19887169219327660574 0.23440492296105139292 0.13644130838652079873 -0.18634963473672008782 -0.03501074774272787404 -0.05103466979851824931 -0.09185799868296547210 0.09230223035810906917 0.02619417871201006401 -0.16324097946952376148 0.26802351267370788657 -0.01570867005929736313 0.27813323242358506393 0.01342102526181671550 0.02670032644439425396 0.11237082716500332302 -0.07368242112351396089 -0.09382308393910902822 0.17516618564819960713 0.05466107750047195790 
0.20275563957984291119 -0.08231502469003028344 -0.09656564216015359192 0.08603214120089561212 0.00418322643423704819 0.20352405893785902036 -0.25074483429003052715 0.14155532785138585927 -0.14628402722189207119 -0.06569808810145817690 -0.17430737672671192673 0.32850553430800560895 -0.12309030299274992259 0.07228241980022502566 -0.05601186805967745680 -0.05797240710720225759 0.11769255539075294814 0.10498394997818620566 0.09882923447714125897 0.10085106334869370359 -0.01770700449081539368 -0.06544579452819214438 0.06090905590252881224 0.05982108152284602853 0.28107672672132955061 0.22553894315175662677 -0.07991028597323766858 0.02578712241713917649 -0.00876396502093299001 0.25472435427003503605 0.10340971977923055225 0.44501659929427739293 -0.01450913563244045183 0.26357704847858703934 -0.11663202101521302767 -0.00670662029130685705 0.07981226488563296362 0.14092311290863251960 -0.20163259635458261054 -0.05117708312393871861 
0.20942619830605968545 0.20842842127946487052 -0.24184347519418986083 0.01825847286097165637 -0.12965297154818183900 0.11143589501557955856 -0.15475366168763127206 0.07083836114948510732 -0.32325651931490234636 -0.09123295393645614038 0.05379610422038907241 -0.01781416495369202505 -0.13791771123886029105 -0.13803535775353364956 -0.27088679224650469290 0.22101688481070980163 -0.03254002943899003686 -0.00498610008386915840 0.25385249908219176262 0.00039904781259040835 -0.00067379639808312598 0.00727493725064048101 0.27945349683151782250 -0.16781405163041920869 -0.06850228844309021181 -0.16543336495664412444 -0.09562530800762282512 0.03420003269279577734 0.22200624581981998062 -0.03608613600139907313 -0.20102118813017480492 -0.19673720024971272369 0.17492685205662567016 0.09066856038011111840 0.03633159927868032102 -0.05280006551179934615 -0.22202429325888728417 -0.15609810946447866264 -0.03061500910565255820 0.24064442389902354624 
0.09013713417227715852 0.15108203928564814533 0.12168252070101683027 -0.21379931312792338494 0.08701637584696808592 0.20345335768424982481 0.18965709969941368929 -0.08433227611647618749 -0.11154539098998496327 0.02487058217456906625 -0.18689370062196747346 0.00405319226658861029 -0.08368452262442312162 0.16892537423851988754 0.08233127053398185680 -0.17545328253823844200 -0.14867560111981040216 -0.01852007669374459986 -0.14087954816534475899 -0.19886977635018590616 -0.15583250185145408606 0.19145514174207406422 0.14468421620599780653 -0.34163340036695949431 0.15316624861942665370 -0.02529330694494447487 0.18405379986881229004 0.03365140756884395234 -0.15174852271937083747 0.21505153432456475260 -0.34386334754463965258 -0.11989513654078177984 -0.02035404408309350252 0.09265568857686885818 -0.02396622327959610152 -0.15433120652106813164 0.13018411701640081324 0.28202697173520269169 0.11982168222229702681 0.09855441899717998222 
0.10862379373364623725 0.30836037620061751419 0.10432860810760732906 -0.40945557236116486566 -0.04308820706283554569 0.12112584433269468764 -0.01769587277726108326 0.05100004376034585063 0.18181512781880732055 0.02038358402598853397 -0.19370617987327368170 0.00107071337400936216 0.13112462122957427302 -0.20921843971623260705 -0.28214905731310196968 -0.16230169528153196024 -0.08156095461682595638 0.11399143214238836863 -0.01415184119239297662 0.08754581450412603216 -0.21909816487191061118 -0.10078452008634126991 -0.04350862918184721789 0.01335324651883889290 0.13761055411681277771 0.27258884319256942996 -0.15499284906125787575 0.08846562132843606430 -0.06143283705663597077 -0.28224949878140065396 0.08386042680107848313 -0.05705119965228550721 -0.13109631905532875829 -0.05729220673663930341 0.16562101836771805918 -0.16747806199699330487 -0.16620850090392544351 -0.10429121942776253817 -0.08916402070449991335 -0.16811512996328550895 
0.21536840334286097565 -0.12165173681120679261 0.05795314442079697870 -0.17591826021514997413 0.07090730667914815766 0.08507002930970157528 0.19806406569528300921 -0.20390336578192397310 -0.12691053600897167497 0.15981522464106104331 -0.11377396815055729196 -0.00970065392131323236 0.01055203211117042121 0.13681309821999929066 -0.05780317645710494889 0.20996978151895609455 0.00429396698296246639 0.27060585166324929718 -0.20366204708165519532 -0.10026251777959072076 0.18271405883155530936 0.17595004489644347490 0.18960132336136695241 0.32980499298608417780 0.13019393063426146218 0.18921001698400791158 -0.11045118670051763676 -0.19066029856236563211 0.10573186319126781640 0.12813674655113826972 0.10413595685680156200 -0.11167661062044795250 -0.04079417493877841167 -0.20864599124665933472 0.10597635252617172708 0.28712388363586005546 -0.10602790727691431549 -0.07133488739413181012 -0.05291151298188406099 0.21550668725238189549 
0.04929854619456698617 -0.01967199154747806267 0.30212210667528849317 0.02284395937218412775 0.13542435842162495185 -0.22990443805547861045 -0.09595889473162932948 -0.00745326090634801288 -0.13009105409721591351 -0.16428072540633370524 -0.15202644028409173504 -0.20483733134873385873 -0.15079829571183928083 0.30123336801213101976 -0.00482171575526719499 0.25838741093616907074 -0.04982485877958845594 0.01905166036278942154 0.28708140189046960078 -0.06195922924919881891 -0.00908638080559175804 -0.25958524147742284560 0.14562980369082026422 0.09011097408076726434 0.29829975151843174386 -0.05218392870170374814 -0.03648899207246058402 0.05892088690969408959 -0.18425184312092585115 -0.15137684724435709893 0.14991038973033515846 -0.19521978193601491336 0.06204561987908533555 0.05379112813057747300 -0.06770517228534719822 0.00728100174466629873 -0.06389956919318097450 0.13174150223418884531 0.20336729870904241002 -0.24828042710045625241 
0.21286687407694535046 -0.07791888281361453172 0.06163943445390853565 0.24299101953119861541 -0.08940953624907251041 0.03107768984512490965 0.03834729801795638826 0.20164629421579932655 -0.23808886454121908072 -0.15573396380779797044 -0.21169783923002849502 -0.18186826580114001661 0.26307438101875213476 -0.11037986856944216607 0.25698487719240414862 0.01372657705166452184 -0.22119251473149770248 0.27030963315488409915 0.04357770314843507908 -0.05242735834990120553 -0.16880181613569278376 0.27031548822793538545 0.11545503533265874530 -0.14142855476643539925 -0.14865387884536154783 -0.10315429080875539170 0.00641026682550731568 0.09508566703660378816 0.10097369382460523457 -0.16113096082792779939 0.15759833739368295236 0.08067157769999616646 -0.29901589448239668245 -0.10977947962882834976 -0.03953503620622405429 0.07376794281670678854 0.11534140209200918759 -0.03627451752499605275 -0.09871724862248937304 -0.15663251579117734580 
0.13160766047400102030 -0.12392426666160312465 0.16911796460241801388 0.25105205231284316580 -0.15488104336613089940 -0.00611116898292639928 0.16302210985366466511 -0.09201011878564800683 0.29780136218379499313 -0.22779593988468208043 -0.05015378226469485029 0.19420540123289667389 0.10943723461802060126 0.00334201058679336463 -0.18341313797270542008 -0.05323613506038723381 -0.20443740863632289817 -0.00127525938153378346 0.05038186816744820440 -0.19689094443699770021 -0.07993649516269241140 0.06171592522079367288 0.09613715744944473229 0.15544950742319291193 0.05241282352172892123 -0.07621897948776452936 0.29096969541173844931 0.00774348430440936937 -0.12166846225480873467 -0.12509683962977258265 0.10068179119826062284 0.13501946086858920837 0.13245880881139179830 0.31016725542228817947 0.23949083065998000297 -0.03808314540428794220 -0.07715145983775933969 -0.18273738848913981259 0.11695732842515761674 0.28804792455716032862 

R = 
3.44792797155261121489 2.40075416402688324169 2.96577897291707914817 2.81896685032634319867 2.54298911902389157547 3.13669088231082016094 3.11561638685640840407 2.84842846533752691585 2.71183978933104485876 2.69711396437034345297 2.26722960194826184122 2.93061115208971534329 2.91027201390793166524 2.42376209847436641098 2.79817471682220197948 2.73826778746640142614 2.56081947046169355886 2.72202065490217481880 2.31835985514402054264 3.05396082804560764501 3.37340456853293302331 2.44860676840289936962 2.68217802224660406551 2.88262530339729350359 2.93902258204518762597 2.83140920291641640105 2.74812527653213267698 2.83517559981374756006 2.55029532035314998595 2.60678658904467841495 2.93258577728839719967 2.81052168353370701581 2.58004195188044382903 2.72871334524952535716 2.69834267592725129958 2.35879453654229997994 2.35991049321688350915 2.22895008122675886142 2.00544779909213888303 1.89966597079060695030 
0.00000000000000000000 2.37323913352547855027 0.87295444376560127342 1.52868466987569506799 1.15774258030134791220 1.31472306378315506592 0.81755088768426875667 1.76603587534195027864 1.24315675764446353924 1.18550034224389033710 1.43348716536383014031 0.89555464538057794055 1.10837750066608253796 1.22951283248847276219 1.22118636168280070287 1.13223366318879370418 1.33818326342238358428 1.71406316833142469136 1.42821069684515911113 1.23467627805647373052 1.10649629139203176109 1.33653139924820996143 1.18695060760098347608 0.90392378923219995901 0.80198474986807188891 1.13658051913014901402 1.19697917410349763401 0.40329425866838530812 0.88172612242611614342 1.13994662576280303412 0.89172617483917437919 0.81466772123377828585 1.03781536494690684869 1.22996222099607988021 1.28346950562465078605 1.36774052724785399882 0.87211506277833106271 1.13296754441425484572 1.20930703319128651785 0.96516911823798368086 
