Q = 
-0.11984756320491629644 0.23715872631505888202 0.07808723109307490196 0.06116852638790132302 0.15589161429029629868 0.13860707977089134491 -0.17332669750068738224 -0.11125842585679426855 -0.12280832783791102714 0.14839410752340026489 -0.08969314615422654957 0.15864761433812665792 -0.13734399755203594018 0.24252414659453452872 0.20730182997415022572 0.03763240856696324632 0.19073047982753088547 -0.15277029054230870098 0.14029866293080231476 0.22991405477095919196 -0.19432569493710649677 -0.03000495377334023300 0.02651721391149673007 -0.11862435481560530681 0.00709796812908375374 0.16634042326511414012 0.11080075007853593116 0.01899100300582291789 0.24834105738876791070 -0.04601500235532591382 0.11309218379983260183 0.28363894950245061022 -0.18280928236109481033 -0.04028283277401337181 -0.24431764709365613730 0.15896746085561164197 -0.15012704248763586445 0.17394142173147028596 -0.25181871325895577307 0.14809725382480892764 
-0.18711438048284487201 -0.04716314241557682807 -0.19694392769187729630 -0.14883002368073883215 0.18418714343516864873 0.09827444168967515437 -0.02426411591916078844 -0.16533508224755982807 -0.07657105021250672217 0.07392777854022383743 -0.09231255535601756712 -0.10795034257362243202 -0.34944801573209188783 0.06940791615590125030 0.15606723214531126320 -0.00649400138460612744 -0.10327630407085332254 0.18923490650871485630 -0.15542478127794678855 -0.21468474109445329079 -0.19346515799036931305 0.09953646244257843834 -0.07826990880241364856 -0.10094344881416021653 -0.15049160912091905096 -0.17024957150807759620 -0.21250366627097219685 -0.06516605365877066458 0.14937458188689961558 0.01387420551902066729 -0.04953824446262963116 -0.15357168113257976816 -0.04743371871507614385 0.00053478942261114023 -0.26199890609369319572 -0.10869128385980533769 0.33892843811990841507 -0.25588636914224904828 0.04710536984295563001 0.22859111373257220978 
-0.04001017207085875299 0.23630586789504065548 -0.12939723163971925124 -0.05585786356723237284 0.21347828531595081092 0.31412563331097159702 -0.14580825517673615122 0.21137337486308505063 0.23523874626966151391 -0.16217444677762207772 0.07344832481961487136 0.03934132766872433518 0.01034336555849061159 0.00077108293402816967 0.22126461207434286460 0.14435955531382912986 0.18924574352189457715 0.14734894027487099866 -0.11498526928549282489 -0.23559571544913496255 -0.22621836824963467705 0.02480945074773285505 -0.06481386999809077287 0.01083072330986538205 -0.02993669860456417420 0.13332012802598136592 -0.14171196904969868280 0.01524195790871865977 -0.00524139086965740974 -0.11018326431254051034 0.19723262009637798631 -0.07618984225978700509 0.09113037190648755337 -0.07230558821255156365 0.28312726320921499656 -0.03655567275124915749 -0.14764571844652438215 0.23729501842642550247 0.30214357456530199775 -0.10664989222906039179 
-0.28389135727922176766 -0.14592379779822545194 0.17390319879352514332 -0.02598143129274148311 -0.10095033226720281916 0.10157456170823545016 -0.17787678740973814073 0.16290098473237918375 -0.14245462242185941149 -0.20397286431777955640 -0.17218094344264597839 0.14273428512076352659 0.24268101757761631476 -0.04907660260113864970 -0.10095425776679645136 -0.04089900090864550392 0.18891506729153442756 0.12138412984500975000 -0.16297382295298704080 0.23871347131454417889 -0.03879222794216480308 -0.06923346589958284669 0.25017149933640997483 0.17102405872662354569 -0.10409883287735456625 -0.28413396756848774416 -0.01236369461726552835 0.22779014805091896134 0.11930877554921821837 -0.18156233691481935000 -0.12588345805623876728 -0.04054947562530565597 -0.07562582089207378622 -0.19267283795227896359 -0.06338564633213526756 -0.22100080093937035652 0.03046079771688040699 0.07698778957197929818 0.13482806703013841543 0.20564268312316960619 
-0.18856244448877179654 0.08061166077347473036 0.02312949634996877557 0.14501591839264446615 -0.15030730361492336544 -0.12264000488291537661 0.13910563671761932980 0.16575360790550497381 0.13955285485115634381 0.12459725539523283655 -0.04691379893653898486 -0.06845257208710481267 0.06632833296932340306 0.23899704505067093097 0.06725563620394710285 -0.00512042925752871809 -0.20463615895721978810 -0.03214491946126490224 0.26471020676675038885 -0.14332572243348146168 -0.01513741450584763122 -0.25943166317914029273 -0.27088511640382190171 -0.02447673777177357402 0.03854132251307779838 0.21042238765419163382 0.16112231865638837469 0.31835511311197373097 -0.02204797786915412353 -0.08767808823289631459 -0.08017206639157302417 -0.16399928940776070663 0.03512046009477894082 -0.26934766361037526528 -0.14193370594365725679 -0.06368237515132386950 0.28271340905379316322 0.19936840867926680643 0.16392669119400954392 0.09917291914053889823 
-0.13147516904334666243 0.14709485461191249001 -0.19904492178910221378 -0.15938290004497379648 0.16537394275890246464 -0.33240147567408673268 -0.13298021641083429545 0.09388410004397242103 -0.17003188150461284733 -0.24491925718229254350 0.03220007543722596538 0.07142126564802990518 0.16962557643239367655 0.01896296423442795503 -0.07402618544783635957 -0.07125330406539061301 0.21902667672489797845 -0.14550385235547164120 0.03905979837734013804 -0.19108273481400669946 -0.06303513148663830723 -0.03403172823867043478 0.27638241694062831710 0.00073528611547036594 0.10790848400275182550 0.27776659783639207069 0.19765291496221820688 -0.20762030507930714918 0.07249327000734785698 0.22905723858130677684 -0.06636018832587242677 0.03531582260883800450 -0.09310883708760196720 -0.06998916181561982974 -0.07456574056341121193 -0.06851975063919824027 0.29547826813393945899 -0.12668630771379732480 0.11230240680460981673 -0.18481616612675091926 
-0.01424808993401774707 0.10111440336055052547 -0.25605680848208789424 0.11005959982450147505 -0.03385057249181516736 0.02961372688984517318 -0.24707988604883654449 -0.01050197962655472460 -0.24703490411686901407 0.15572987031557888882 -0.31110439487213742416 -0.03835593571698557580 -0.03370158857435964078 -0.07530395954934038238 -0.24022901113513064897 0.28273402996059299186 -0.02628737146681630471 0.13151008377134204563 0.23048437910923719185 -0.00589457248720294362 0.18048374123481386588 -0.00530501181272687722 0.11439807526475882782 -0.16966279674505488351 -0.02187962600957149215 -0.08147337545980772033 -0.11008282427864385378 -0.26054856016037014621 -0.35568379063242455684 -0.16594411203446909897 0.01218416134161107514 0.09509001548188496244 0.06940225272725267236 -0.14535521534440526414 0.02434764890246877631 0.15707009768176719011 0.11647957871635819527 0.20591971067989880972 0.11492323005914859002 0.06601894798913832130 
-0.17426564081924514338 -0.01498536656727780976 0.08862707647220258167 0.07616116501349537438 0.03503850605792948464 -0.20822786983765509405 -0.17118410547883464168 -0.28944227311442244366 0.11365459229159748100 -0.00640014515759475267 -0.33163140068741259192 0.20003042708289303642 -0.10626050182787602494 0.10924472373901907007 -0.14238541054098266536 -0.15011081799837000528 -0.12120585818233405029 0.00465117770829872375 0.09967211432689866701 -0.23700477154491692011 -0.01212054522608014238 0.27118718249839396384 0.01460493603753321851 0.15662934145026724542 0.47607170296050582703 -0.01897636366138762479 -0.14452857942251282064 0.14233530455505419288 0.01446450379508550446 0.06348037292180325197 0.12557535340228234699 -0.06231858961513775386 -0.09496198027948876685 0.03171029557848835390 0.18821248654515596033 -0.12125814876020730992 -0.17358206518143287633 0.04668186889179379295 0.03904628223771199058 0.06179619394093115864 
-0.11058306884452473451 0.29740581639161389749 0.00190090761441773768 0.10327853151423682654 0.09416332712123851034 0.09810622249341545420 0.32225206161530450810 0.00454602875972674562 -0.06823177985151013258 0.07770372659955626649 -0.06263144806604388493 0.10750367249763795319 -0.08429607264051471038 -0.26484031270602231833 0.14104783049925614935 0.16908943748484520087 -0.27423563973581960296 0.12319791328017705434 0.19855130496067713297 -0.01980556059142244210 0.28143658182700154180 -0.06235275766238870809 0.38478538704170239804 0.05224818685503156840 -0.04868372628898851029 -0.02596564865768279801 -0.00440991593918980355 0.10677212100163901987 0.25758729962726129026 0.06405851899918710290 0.12756460346520512306 0.02672243072540283343 0.02849188694082595633 0.00061159558941780822 -0.10086607488900284357 -0.24812133023310972701 -0.12032607376118370501 -0.09190732870395722232 0.08472656355648480742 -0.21388234267383149367 
-0.00056677343024483793 0.25613789372133694000 -0.14058198973700966605 -0.18591087294715477607 -0.35819652742846608273 0.07988207998740784466 -0.19188871347727326500 -0.19377349746356475890 -0.00093403143990912561 -0.15341282048413829031 -0.04010793629938139843 -0.14944565751002128473 -0.07281619097425562348 0.06942312909318101855 0.12378685298655728309 -0.15799744764817283404 -0.20868078205908013878 -0.04950669772652654260 -0.30969490670084964812 0.05563938913990319063 0.09083976957429194810 -0.06418655585873032920 0.19391893924146594297 -0.15178004261308505884 -0.13304892000916912487 0.15633723710457861356 0.02023294465232490166 0.29098781415604690892 -0.35024950225034695572 0.14079150043827684535 0.13855356139531496695 0.06926628062220649418 -0.13190857114018456064 -0.01901960371527389171 0.03151059226565502969 -0.15937476880232456788 -0.00362713020081598721 0.04783134049990549197 -0.12086548112214100248 -0.01796731469617263155 
-0.03681713862823598332 0.00352197568721394428 -0.35033697184925077783 -0.04914905537288530996 0.11797741442316789229 -0.06870793512810302595 0.16559228382977589367 -0.29277863204466464397 0.22552946191117903552 0.25489860629720345608 -0.19837289752672851439 0.01714874690131781496 0.00220280334571826579 -0.01834379882144926421 -0.04698862529872757654 0.00626885916325055012 0.37807287012385099034 -0.19255607113365635907 -0.15096980123390574269 0.25463228566074602721 0.12813042968406462840 -0.02180894290793269560 -0.09008658529436321116 0.05126358115834950963 -0.06650529455871903584 0.10265081927310802656 -0.06128717973377187378 0.07506797960445001083 -0.01213205843145081370 0.09116492379278763603 -0.21770655840565647510 -0.02153066115911166784 0.31179826110192165878 -0.14679595046370647049 -0.03118500356036435842 -0.25594553428976274390 -0.11997354882507194063 0.03690934965888054836 0.07390800476147295350 -0.03479945613631969109 
-0.04947518375909089328 0.27661864877688147057 -0.03813056587584079393 0.16053578957426237195 -0.25551392075191997622 -0.26429363139929712423 0.08048761413195154590 -0.14159774122013729647 -0.01904007365379859970 -0.30174706410967155890 0.12943334528395358807 -0.20984324864744713368 -0.16217291511959733286 0.18377732454675596574 0.12096617838038918602 0.00025406235756189540 0.12279734896696610502 0.17076236703270550321 0.17815151869945111685 0.16140691259478223696 -0.22509700523774897607 0.07919873670952434774 0.02332003126477781227 -0.05367650747487036356 0.08996656689824501785 -0.20799405877925419839 -0.04474130026156752232 -0.10367330835495533470 0.01812901578930774943 -0.28839323591520277246 -0.26069899964345449872 0.05080414054582358535 0.14952830598699543008 0.18028625508334383820 -0.00042889800211276161 -0.17017647687189565997 -0.04861608243261422019 0.05508516878161443669 0.02200138340440680254 -0.18704251643719857490 
-0.21745609787965089477 0.10934439091263226107 0.19926748569356653173 -0.01956897866005777309 0.06504230871548037640 -0.21806683170354251855 -0.23352015835478470707 -0.02496634234314137196 -0.06837433579072227374 0.35381666090985547379 0.18370135223185174445 -0.04005285757686710690 -0.06226539817341204819 -0.02786231726642876202 0.04342063009686189523 -0.15749769511857686366 0.05295943467150550366 0.13356222438479059544 -0.01904327012935820226 0.01836024659593629357 0.03021444622399298632 -0.08800127104299840242 -0.01384613875736143487 -0.06129769359621118491 -0.13661125304785368129 -0.08812597446121420153 0.08288603047469440821 -0.05333360326349034092 0.05235812358523272980 -0.12433842301738445846 0.15584937602057302719 -0.07518019949319740269 0.18535497459036248680 -0.32957622820458487567 0.43546160535369404787 -0.07778962102518091615 0.06877462244299119287 -0.19216178938915365326 -0.27761449821832528961 -0.14681727483048262473 
-0.22138738971241539444 0.01004014197441703733 0.26573157258992358143 -0.10090288563605072369 -0.08539190041644183216 0.12567180974450717357 0.12595752520066100244 0.01689636376764255127 0.32626399399212507868 -0.13003092245142056083 -0.11627056763361467984 0.01468670586871730598 -0.25752537038955430893 -0.10730377571420111893 -0.20014727319222497259 0.00602653268273613783 0.04116507590797510718 -0.14127135007970548219 0.09676688312256562230 0.28040670501698378159 -0.08118911655415887718 -0.04968452704158963368 0.04721809930639104397 0.14572604338154088177 -0.04351685871954339563 0.16231170969714506236 -0.03610284049490591202 -0.32571219341092488841 -0.11580366798320446131 -0.02408976788692564208 0.32956817926768477989 -0.09781237749398000170 0.07366549711213200846 0.14070964683292128128 -0.01168803414360643049 -0.11214610662796357932 0.34102372508519734895 0.07897424482386210254 -0.07328218459556067044 0.00441777193465588830 
-0.23331217468034423645 -0.19356927978435423121 -0.00511258936456692251 -0.11119550496625470182 -0.19551762336539607601 0.09934173326731333964 -0.08407585953162866055 0.04357506331003782596 0.04620534988258376274 -0.06340413929288549189 -0.24660822419758238189 -0.04352477545235803463 -0.06697607993850714092 0.10543953917638543283 0.01735699469166679387 0.09077462009849927849 -0.10658150707797738044 -0.28773795945281771536 -0.01143789812631572887 -0.24913789053270807283 0.18222089907836638845 -0.21284091215661815610 -0.04770410022366310815 -0.13004009376447295265 -0.19047385888972248602 0.06845186250800816552 -0.06706226659791660050 -0.15356062443990481370 0.34896532467673585520 -0.11911810231813810268 -0.29122436441875299007 0.18647485372604941101 -0.03830454357615443312 0.20525309186714782439 0.31191028087594058205 -0.02809558934172218594 -0.07188440425618145002 0.03091058346744005383 -0.05276975161541309911 -0.12810971046386548933 
-0.05163541482266355287 -0.03963824322493462310 -0.06903594098527990330 0.37443412012334520433 -0.06416950572279774001 0.15520066163652948554 -0.23066284103530990124 0.06331969509315919786 0.16640288704317951485 0.07472328424610910624 -0.11331250087134715765 -0.02571931931868007976 -0.13857668251101892820 -0.04781912577436982920 0.30897666530116485450 -0.17060906377505719034 -0.06833690006452308729 -0.12738024589174340440 -0.12082145359214098435 0.08059800262443028718 0.01436868889107913508 -0.14867521162279442870 0.10758729138019533511 0.05691791129622233297 0.15973979848594482833 -0.14833767030939545850 0.38256873512231348577 -0.32422196453280499595 -0.10038747404146301789 0.08958217281773094010 -0.12002197327509409042 -0.26383157618695962654 -0.05361244639043516447 -0.02729726698310613181 -0.05938596063712698464 0.06022144230150374561 -0.14472350737297548506 -0.15186185423120746041 0.19234640904549996088 -0.02303856080473840745 
-0.17825240939431202802 -0.03574668762310785619 -0.15662701574326726162 -0.17495665702956531007 0.07184562794693880039 -0.15605546438309986224 0.10008325443779279851 -0.20970673790244606649 0.10310585435289121303 -0.09201373576523136366 -0.10286300213233887102 -0.14209022165700374574 0.14456563126055588242 0.03369629433031599147 0.21620013233154986021 0.24053860887978334437 0.00605643924043616517 0.01127281601231647744 0.18923770946177936869 0.31602347700205318803 0.01059975231493993225 -0.02717798379642731577 -0.05099525701910195830 0.09084436339741377986 -0.09602542342206112080 -0.17698468231038583243 0.06525142127176697393 0.14349721029897782865 0.00866509343530460531 0.09185748411759414589 0.13376689759749119113 -0.10497335176893266007 -0.33418112551044359959 0.03722173912768977910 0.30265270795777754476 0.37731552009163404904 0.06836609254193122542 -0.14159498123007790982 0.16959144181877569557 -0.03020365223361297369 
-0.08976357094144835069 0.08332451229831384920 0.11817698127894106508 0.21563589819226705591 -0.22994557563115705645 0.03002417348170004219 0.02740146980952124639 -0.29730872897199839278 -0.02305222158755601894 0.20950227459580869627 0.27272590841417743146 0.04988966066514204795 0.13707732795218233179 -0.14688060007081865654 -0.12792038533260516320 -0.15613342374096003673 0.19029620564692148466 -0.13929550824178993373 -0.01830868216606943572 -0.08137110107411697768 -0.00216571197237208548 0.02458981201320949508 0.11730742731731640116 -0.26418435501217224504 -0.13631771134347536734 0.09144692554251525329 -0.30445482811037410942 -0.04644330152054617494 0.13091626318086288516 -0.02913173580363047355 0.00762511683645094186 -0.31520824570441008383 -0.28364240928528516861 0.06352612384007276514 -0.04465549561818780988 0.13135364047151057432 0.02818574499156310462 0.12593196654723162742 0.26528582033308301114 -0.05019396272861410824 
-0.04415319349742136135 0.10731653723991434191 -0.13256824040530726383 0.03867092918859610373 -0.20360562809803742224 0.03739957624774991468 0.13722734707668277077 0.06045745162488558311 0.12158634069285527424 0.21103629296354872724 0.06495721414365293600 -0.16027739267440971327 0.20999518587538248959 0.01720981001389739959 -0.12754789538953326122 0.25852005966131436088 -0.21981874260751610439 -0.20016749832170335766 -0.02425705423144478359 -0.07280490787751041359 -0.46165901357991590004 0.24537790394852529441 0.25195065841188718503 0.21395004322589397661 -0.05870684155622676870 0.02500138912103890693 -0.00453519213482538475 -0.15606295134316550133 0.02918391773695781094 0.04470540309831078085 -0.11047821707804462987 0.03275629204538141326 -0.06508323709417336567 -0.21785331399724713886 0.12253459610846775818 -0.06130074279468254728 -0.11690893781797245810 -0.08330615901632792974 -0.15716402249667971169 0.21949482400908185142 
-0.09880217147500722219 0.01135030609020801391 -0.02763561021963460360 0.18793410693720502547 -0.13470853538998031618 0.12148897290165465435 -0.14289536448816272940 -0.03410075440239739714 0.06375290128668635592 -0.28296918304713319925 0.08065829849997024903 -0.06191214108047837783 -0.25153234094273346777 -0.16512897499167350501 -0.14946613828001872881 0.10549849305865549587 0.25380332499026181381 -0.04957140192121124722 0.24446745118322213419 -0.16995752476034181599 0.07083946723893169706 0.07676414055727022456 0.09535111552796229906 0.01914830814587965488 -0.12484295501214187629 0.13524986547819911609 0.08261422558436147534 0.32602469601957906331 0.03643246740018625529 0.10381428070781371920 -0.05962634082749309478 -0.09855626915544772604 0.29469774658833858272 -0.04324992619756569401 0.00924888258066975701 0.28033748636042032931 -0.07537618784391077187 -0.31048961083060611088 -0.11280174007615378917 0.22493149709883600296 
-0.07973941196141509646 0.07323710999469695837 -0.28299859075870148484 0.19867251961017101669 -0.03338159766617534302 0.11735793731406775342 -0.01867398395329105884 -0.16429997608333168913 0.10990001015614178637 -0.02164137669521964957 0.07849586115896492466 0.44092082196422083262 0.04483701854439148260 -0.08356614841697587726 -0.28028318887329867204 -0.16679036018352252912 -0.10594737253003229382 0.17710608532749103072 0.07310268077099603412 -0.06126938246116187675 -0.26780840783653359072 -0.22111906264928762877 -0.20609885144057610296 0.10310053198179398859 -0.25323067414963607025 -0.20763004442082297341 0.16040070181387425241 0.03713088845598318255 -0.03619582820457500905 0.16240658431358173663 -0.02119220393291619195 0.23509075610005233936 -0.06217801325823901770 0.12504979500153259875 0.05928958544584385371 -0.00594580268411488543 0.08631949974543073889 0.01602941164871428403 -0.06174091329204910161 -0.14236320072305005957 
-0.22138276673911472248 -0.07444363850252026793 -0.10066210837167863246 0.19164943812563764447 0.14524655068556904802 0.09283488740987032306 -0.02830575909683763838 0.11614576337369997283 -0.03144531091010096396 0.11185853148951226121 0.23177820570266449707 -0.13465895923120332900 0.09779111395747477897 0.38608521033244719289 -0.08150285512735033766 0.11221007938982131835 0.07619790909744587892 0.19458227246737735960 0.01393542583063975618 0.07156013022445618932 0.10937317048998962399 -0.33230894514522579808 0.18053041833923161308 0.07160139489146279124 0.15838372370719100424 0.05586016076816721632 -0.25496475215549713189 0.00258445173024161087 -0.11575083218629755866 0.28254625596787064090 -0.01637876037090440703 -0.11002535715776759484 -0.00099298415597490241 0.33169778098627844543 0.08504450298427621013 -0.11185177327033671291 -0.04023982014790988132 -0.01206655499204424206 -0.18124313192174923426 0.13808218873996133680 
-0.02938390328788080541 0.21674334664995065225 0.09744477106991222826 0.00221763695149014735 -0.12994239193458620441 0.30353766951010968667 0.12686160242029170808 -0.07243713218820854727 -0.03011299690479546723 -0.01990274606951536115 -0.29003420082740177799 0.06941136833456734712 0.43262150250740100121 -0.13984797183087893657 0.12830604920209151554 -0.04347724723460758695 0.05290737294171222321 0.15094616391060614036 -0.03417753700611724649 0.05025741470629484925 -0.09799200139200126003 -0.04980253128040559168 -0.14332156737848927852 -0.26290962823225560996 0.35340935762254210850 0.10611988849097336862 -0.08970137047856290013 -0.03954500248877479418 0.00773157761979062236 0.00465658515510083103 -0.10629668950608445188 0.00666185034671959182 0.15714488112910254825 0.05248505512166353609 0.08528678818829982244 0.07760450357727903536 0.18573755057938703961 -0.32925229104938419367 -0.15789088941672616007 0.01367178076642122132 
-0.21451697816397055640 0.00943866135277130966 0.05298597661384091967 -0.02020279363276825807 0.25298042085576466498 -0.04498146527962509911 0.26581177144392414968 0.09796471043750502872 0.17711992840453910647 -0.16319709388475814316 0.04953559391207954660 0.21984963298857893021 -0.00543032960983988715 -0.09538756319278623996 0.20582155115892164510 -0.08989048375307968908 0.05669146136412865633 -0.16002297459601710905 0.10702707048701033676 -0.16013532104916422538 0.08145424827285761837 0.08366293250321996111 0.10514267427034554303 -0.25381604834215126809 -0.06185009638931431714 -0.22246903509575549629 -0.09823330076722595894 -0.02955018272972643328 -0.39913836178727218895 -0.00497245399585241610 -0.26573579074958375568 -0.06228466990782369206 -0.15398782925527915166 -0.13005594502951906000 0.02443891117269832852 0.02245452575852024263 -0.04159782322303011426 0.14726244157361217946 -0.33392992276303706811 0.08174086397487737021 
-0.28779500255965151378 -0.19431421680946323050 -0.09262002023195008149 -0.05816237556898899708 0.20117476647545590174 0.00770315517102149964 0.10758600938718353157 -0.01757918197303286537 -0.00738935609240350295 0.08493956536235990062 0.01549514368979549792 -0.18340825127831203445 -0.00793855879919601326 -0.21536148346636668771 -0.11217959677821348619 -0.25289898268129257231 -0.15877996263165586321 0.31472627652143198018 -0.02666840288066310918 0.12663794928256141836 -0.11635989092584902993 0.17158064822958446483 0.13997642217534836395 -0.19109575739912451620 -0.00187790788662239687 0.36575875640542182543 0.31696505615602821315 0.05104593678521693323 -0.01587940517262870221 -0.17591748172461654787 -0.14964807854116032870 0.04210782368742928966 0.02424524624888403299 0.21587229429817339499 0.09228350042011045085 0.08156738675554660312 -0.12666974104563893944 0.15523563974360077289 0.07213282753498496958 0.10429294709898194460 
-0.11356377334262512946 -0.00638583268516656859 -0.02293062626885640151 0.13776551417530058519 0.06840375178299851200 -0.00392304422859304433 -0.01398314414392464247 -0.08464914627835004590 0.03838836460596389138 0.08774086968290412125 -0.13486792045881526581 -0.20309482684397972552 0.14210145726638659380 -0.05068311708075962096 0.00663368272866790565 0.14061392647898776631 0.07372933852155393042 -0.07215310632405666502 -0.29378103886015893842 -0.22700943997458220003 -0.02960755925102758618 0.07287391195583688142 0.13174231327475544040 0.15906673118215253204 0.04717237958939890508 -0.19492998891022733643 0.15339698887335737054 0.19315369604753832022 0.05427763743546359237 -0.10526802879382779476 0.09603089848860206501 -0.12066644639740024825 0.15363729480665436200 0.19663183860440539008 -0.18305959612911162915 0.24411570631632814599 0.22559128235675476870 0.29637780975957539464 -0.31116116772666241319 -0.34233154183610864374 
-0.22413193812572743124 0.00270845820108413498 0.02802733773341732973 -0.02874034325834462847 -0.25032645842702117012 -0.21497386667379028702 0.15390347955693578497 0.23194184998228623007 -0.00695484127034805017 -0.02950406003432233526 -0.13876097034674014785 0.18201862063583684748 0.00232757082090005122 0.22752676788756737158 0.01037824395977466133 -0.03954874834431603564 -0.05881383860042772166 0.18162249424187248970 -0.18819368556331239617 0.06284567584599666523 -0.00558669378285807199 0.18230935463644418193 -0.00670651730667818323 -0.21345966240511293766 -0.15394446316045118373 -0.06926379413249444950 -0.05650254995544209263 -0.14748900984842919226 0.11075478318915821241 0.40588858458851989619 0.14628925639682752169 -0.04296762314454034143 0.30972914994374189934 -0.06717606972602123416 -0.09634278966075716932 0.28950778353585304714 -0.18317099970873890191 0.11243566678393729363 0.07718284409731619722 -0.03086495273365753161 
-0.16694713114288373124 -0.05068218678375004810 0.11605644557978066211 -0.15323919674613148412 -0.02705157250937652302 -0.15416896706212096513 -0.12827848966910609940 -0.20022939605498757398 -0.04843761213927585962 -0.06979391297482329115 -0.06795856005209667539 -0.24702458748468114624 0.23999236459264594590 -0.30625247163416963181 0.16642069645878848627 -0.04681214334763574708 0.00402316643857722304 0.09142898122542965356 0.18825422488994730807 -0.19885722457786936257 -0.11586320817633274927 -0.29693580249408263461 -0.17533888812468115259 0.19808458179828436485 -0.13426922231443266798 0.04096034055562331605 -0.11441397408967211857 -0.19106175651645057600 -0.10106406421298043397 0.10675728176640901512 0.10066997163859786601 0.00007992192492542729 0.08298036051822280101 -0.00106510143200129318 -0.29470926590694374037 -0.04977683683113839214 -0.36086055406677419732 0.07488956858398904126 -0.06948290978121063333 0.06762696422287579889 
-0.23489729870214620666 -0.08100868436409146278 0.08664391936555594642 -0.11471338592321034255 -0.22457572355137592202 -0.13594046515641050599 -0.07789542425999844422 0.04606278652237968951 0.22951122728496833880 0.26335551768318937738 0.20998104875183487561 0.23560185428219901360 -0.09896186329879752552 -0.09344701615573289266 0.18149383244070066423 0.22783349109091818874 0.08878332123731660919 0.14397543986968386331 -0.16000815609223797975 -0.06419039328481790374 0.06420163164190746674 0.00562544454989164378 0.06038344376613625358 0.16956323778983786732 0.16148735568120597961 0.11875188072897488456 -0.09991381666538087791 0.05180928690127654251 -0.21489163838104285986 -0.14894797507226933964 -0.12900157678686391405 0.38229367376671968826 -0.05283262429012983152 0.06370753472461995748 -0.18392697281095074513 0.16049613949994637196 0.05573939697991188436 -0.19487080781469959256 0.15044068987689068750 -0.08029061205184387373 
-0.06629516033835773647 0.29439170594012326054 -0.07874862385985839652 0.14131631996627155856 0.11041042446005115696 -0.21218801848677371069 0.07100989961036857645 0.38993393901917017264 -0.15642271794135959029 0.11049840637669781918 -0.17761137377847358021 -0.12796259544282598264 -0.10048454869118515764 -0.19910289434004349585 -0.02721830346759437566 -0.31230416148702083712 -0.00691164962293634635 -0.30053451917788170933 -0.11231237965218542063 0.06281994843800957351 -0.12233913548345580480 -0.10751223599496892436 -0.07618430229525340047 0.13388102791797781843 -0.04554244512225499864 -0.06158589444093517939 -0.28174515951360867838 0.16592470710479217955 -0.07546152636658881585 -0.08113930042355213534 0.05358133723112307872 0.14298714729255440625 0.00955259877248977422 0.24053246832087762930 0.07320888290696897505 0.15363052565433438224 -0.01998623497512787978 -0.13148925770511318833 0.11471782967236186790 0.11196406161396625645 
-0.02611292162747900006 0.34429192278306480768 0.14343533096526780990 0.15309823159652088953 0.04814425786630435050 -0.15011089016814094244 -0.16998311008859379179 0.08796506491092404012 0.24968855584731491914 0.01124927476799141880 -0.00044951481715416289 -0.15664821846553467211 0.12415278242438140821 -0.14136868718311376703 -0.06940905281031510554 0.17794073083318107109 0.08288601504363730943 0.13254726094300953165 -0.13450359382949825249 -0.02288126941178062618 0.30675219132149544876 0.25310361469349013097 -0.27741911185792517136 -0.06951684651821769811 -0.12408894314259934222 -0.06480965165081349622 0.19263160652465802225 -0.08208041207027680364 0.11738666587574170252 0.17958644474747251230 -0.06924555407085576653 0.11007387850138208862 -0.20258119489425846504 0.18584857633200577154 -0.00305538204882218343 -0.20120641242336034793 0.07721323929206254377 0.05951080620309507491 -0.01726017230667893990 0.28483637916048537564 
-0.10662547662220450695 -0.09697828560909108053 -0.31296017654881219672 0.03170061897896325059 -0.29601145180206406282 0.13940350268538045930 0.23328477455089996484 0.19345355976414596588 -0.12531499248727812068 0.07641894081094309510 -0.08145189986638348700 -0.05422774232032050168 0.02088130782032099342 0.08957095253999154683 0.07170034172863790078 -0.22425870793503141498 0.34796738631012208431 0.13878347956992720391 0.12638934648238964176 -0.15239323489982450899 0.19887169219327638370 0.23440492296105153169 -0.13644130838652207549 0.18634963473672017109 -0.03501074774272717322 0.05103466979851788848 0.09185799868296604109 -0.09230223035810898591 -0.02619417871201095566 -0.16324097946952442761 0.26802351267370821963 -0.01570867005929793211 -0.27813323242358400922 -0.01342102526181691499 -0.02670032644439518377 -0.11237082716500303159 -0.07368242112351393314 -0.09382308393910934741 -0.17516618564819752546 -0.05466107750047451835 
-0.20275563957984282792 -0.08231502469003032507 0.09656564216015350866 0.08603214120089551498 -0.00418322643423698660 0.20352405893785882607 0.25074483429003063817 -0.14155532785138563723 -0.14628402722189184915 -0.06569808810145812139 0.17430737672671151040 -0.32850553430800555343 -0.12309030299274993647 -0.07228241980022473423 -0.05601186805967751231 -0.05797240710720216739 0.11769255539075332284 -0.10498394997818634444 -0.09882923447714134224 -0.10085106334869388400 0.01770700449081500163 -0.06544579452819207499 -0.06090905590252898572 -0.05982108152284691671 0.28107672672132943958 -0.22553894315175654350 0.07991028597323733551 -0.02578712241713863179 0.00876396502093283909 0.25472435427003631281 0.10340971977923056613 0.44501659929427833662 0.01450913563244084561 -0.26357704847858670627 0.11663202101521323584 0.00670662029130471380 0.07981226488563140931 0.14092311290863401840 0.20163259635458047336 0.05117708312394221581 
-0.20942619830605957443 0.20842842127946509256 0.24184347519419022166 0.01825847286097145514 0.12965297154818175573 0.11143589501557930876 0.15475366168763146635 -0.07083836114948510732 -0.32325651931490229085 -0.09123295393645605711 -0.05379610422038912099 0.01781416495369196606 -0.13791771123885993022 0.13803535775353373283 -0.27088679224650497046 0.22101688481071002368 -0.03254002943899057115 0.00498610008386933361 -0.25385249908219187365 -0.00039904781258998106 0.00067379639808290914 0.00727493725063980707 -0.27945349683151804454 0.16781405163041915318 -0.06850228844308975384 0.16543336495664390240 0.09562530800762324146 -0.03420003269279597857 -0.22200624581981956429 -0.03608613600139912864 -0.20102118813017511023 -0.19673720024971247389 -0.17492685205662591996 -0.09066856038011164576 -0.03633159927868115369 0.05280006551179985269 -0.22202429325888889400 -0.15609810946447810753 0.03061500910565733563 -0.24064442389902213071 
-0.09013713417227710301 0.15108203928564828411 -0.12168252070101684414 -0.21379931312792341269 -0.08701637584696822469 0.20345335768424968603 -0.18965709969941407786 0.08433227611647634014 -0.11154539098998494939 0.02487058217456891707 0.18689370062196755673 -0.00405319226658869616 -0.08368452262442330203 -0.16892537423851988754 0.08233127053398163475 -0.17545328253823858078 -0.14867560111980998583 0.01852007669374442986 0.14087954816534492553 0.19886977635018640576 0.15583250185145477995 0.19145514174207428626 -0.14468421620599769550 0.34163340036696016044 0.15316624861942698677 0.02529330694494497100 -0.18405379986881231780 -0.03365140756884404949 0.15174852271937033787 0.21505153432456558527 -0.34386334754463998564 -0.11989513654078094718 0.02035404408309257271 -0.09265568857686873327 0.02396622327959664969 0.15433120652106788184 0.13018411701639859279 0.28202697173520352436 -0.11982168222229620802 -0.09855441899718138388 
-0.10862379373364619561 0.30836037620061751419 -0.10432860810760725967 -0.40945557236116469912 0.04308820706283549018 0.12112584433269424355 0.01769587277726129490 -0.05100004376034582981 0.18181512781880670993 0.02038358402598849234 0.19370617987327348741 -0.00107071337400944390 0.13112462122957402322 0.20921843971623274583 -0.28214905731310224724 -0.16230169528153223779 -0.08156095461682577596 -0.11399143214238859068 0.01415184119239241457 -0.08754581450412597665 0.21909816487191080547 -0.10078452008634111725 0.04350862918184774525 -0.01335324651883943760 0.13761055411681277771 -0.27258884319256948547 0.15499284906125759820 -0.08846562132843625859 0.06143283705663666466 -0.28224949878139965476 0.08386042680107816394 -0.05705119965228556272 0.13109631905532878604 0.05729220673663886626 -0.16562101836771708774 0.16747806199699549756 -0.16620850090392241816 -0.10429121942776468923 0.08916402070449769290 0.16811512996328931147 
-0.21536840334286086462 -0.12165173681120677873 -0.05795314442079703421 -0.17591826021515000189 -0.07090730667914804664 0.08507002930970143650 -0.19806406569528323125 0.20390336578192377881 -0.12691053600897148068 0.15981522464106076575 0.11377396815055754176 0.00970065392131328960 0.01055203211117021825 -0.13681309821999929066 -0.05780317645710510849 0.20996978151895642761 0.00429396698296246639 -0.27060585166324896411 0.20366204708165527859 0.10026251777959091505 -0.18271405883155478200 0.17595004489644353041 -0.18960132336136720221 -0.32980499298608412229 0.13019393063426068502 -0.18921001698400752300 0.11045118670051708165 0.19066029856236579865 -0.10573186319126764987 0.12813674655113752032 0.10413595685680072933 -0.11167661062044886844 0.04079417493877996598 0.20864599124665900165 -0.10597635252617512713 -0.28712388363586066609 -0.10602790727691609185 -0.07133488739413115787 0.05291151298188789126 -0.21550668725237934198 
-0.04929854619456696535 -0.01967199154747803144 -0.30212210667528865971 0.02284395937218412082 -0.13542435842162484083 -0.22990443805547838840 0.09595889473162927397 0.00745326090634802589 -0.13009105409721580249 -0.16428072540633359422 0.15202644028409187382 0.20483733134873355342 -0.15079829571183905879 -0.30123336801213101976 -0.00482171575526733551 0.25838741093616945932 -0.04982485877958884452 -0.01905166036278952216 -0.28708140189046943425 0.06195922924919858299 0.00908638080559136599 -0.25958524147742301214 -0.14562980369082023646 -0.09011097408076734760 0.29829975151843129977 0.05218392870170381753 0.03648899207246007054 -0.05892088690969405490 0.18425184312092643402 -0.15137684724435632178 0.14991038973033529724 -0.19521978193601449703 -0.06204561987908543269 -0.05379112813057720238 0.06770517228534743415 -0.00728100174466646526 -0.06389956919317876793 0.13174150223418623629 -0.20336729870904776685 0.24828042710045411523 
-0.21286687407694523944 -0.07791888281361451785 -0.06163943445390863973 0.24299101953119880970 0.08940953624907245489 0.03107768984512491658 -0.03834729801795643683 -0.20164629421579952084 -0.23808886454121916398 -0.15573396380779788717 0.21169783923002874482 0.18186826580114032192 0.26307438101875219028 0.11037986856944198566 0.25698487719240420413 0.01372657705166423561 -0.22119251473149761922 -0.27030963315488387710 -0.04357770314843551623 0.05242735834990113614 0.16880181613569264498 0.27031548822793560749 -0.11545503533265893958 0.14142855476643481638 -0.14865387884536138130 0.10315429080875579415 -0.00641026682550754207 -0.09508566703660414898 -0.10097369382460590070 -0.16113096082792793817 0.15759833739368284133 0.08067157769999483419 0.29901589448239668245 0.10977947962882776689 0.03953503620622487308 -0.07376794281670488729 0.11534140209201111660 -0.03627451752499605275 0.09871724862248834609 0.15663251579117767887 
-0.13160766047400096479 -0.12392426666160313853 -0.16911796460241818041 0.25105205231284311029 0.15488104336613101042 -0.00611116898292624836 -0.16302210985366455409 0.09201011878564799296 0.29780136218379471558 -0.22779593988468230248 0.05015378226469513478 -0.19420540123289656287 0.10943723461802024044 -0.00334201058679323149 -0.18341313797270528130 -0.05323613506038758769 -0.20443740863632245408 0.00127525938153353257 -0.05038186816744796848 0.19689094443699764470 0.07993649516269266120 0.06171592522079381166 -0.09613715744944456576 -0.15544950742319232906 0.05241282352172894204 0.07621897948776400200 -0.29096969541173856033 -0.00774348430440881860 0.12166846225480909549 -0.12509683962977249938 0.10068179119826056733 0.13501946086858943041 -0.13245880881139210361 -0.31016725542228762436 -0.23949083065998083564 0.03808314540428876099 -0.07715145983775988092 -0.18273738848913959054 -0.11695732842515257910 -0.28804792455716193844 

R = 
-3.44792797155260943853 -2.40075416402688190942 -2.96577897291707692773 -2.81896685032634231050 -2.54298911902389024320 -3.13669088231081882867 -3.11561638685640662771 -2.84842846533752558358 -2.71183978933104263831 -2.69711396437034256479 -2.26722960194825962077 -2.93061115208971445512 -2.91027201390793033298 -2.42376209847436507872 -2.79817471682219975904 -2.73826778746640009388 -2.56081947046169222659 -2.72202065490217393062 -2.31835985514402009855 -3.05396082804560631274 -3.37340456853293035877 -2.44860676840289848144 -2.68217802224660362143 -2.88262530339729261541 -2.93902258204518673779 -2.83140920291641551287 -2.74812527653213090062 -2.83517559981374667188 -2.55029532035314776550 -2.60678658904467752677 -2.93258577728839497922 -2.81052168353370435128 -2.58004195188044249676 -2.72871334524952358080 -2.69834267592724996732 -2.35879453654229864767 -2.35991049321688262097 -2.22895008122675708506 -2.00544779909213799485 -1.89966597079060584008 
-0.00000000000000038298 2.37323913352547899436 0.87295444376560116240 1.52868466987569573412 1.15774258030134835629 1.31472306378315551001 0.81755088768426931178 1.76603587534194939046 1.24315675764446376128 1.18550034224389011506 1.43348716536383014031 0.89555464538057838464 1.10837750066608320410 1.22951283248847298424 1.22118636168280136900 1.13223366318879370418 1.33818326342238358428 1.71406316833142513545 1.42821069684515999931 1.23467627805647395256 1.10649629139203242723 1.33653139924821062756 1.18695060760098414221 0.90392378923219973696 0.80198474986807222198 1.13658051913014968015 1.19697917410349807810 0.40329425866838530812 0.88172612242611692057 1.13994662576280303412 0.89172617483917471226 0.81466772123377861892 1.03781536494690707073 1.22996222099607965816 1.28346950562465145218 1.36774052724785466495 0.87211506277833150680 1.13296754441425528981 1.20930703319128718398 0.96516911823798368086 
