Q = 
0.11984756320491687931 -0.23715872631505899304 -0.07808723109307454113 0.06116852638790177404 0.15589161429029657624 0.13860707977089190002 -0.17332669750068777081 0.11125842585679464325 -0.12280832783791109653 -0.14839410752340057020 0.08969314615422667447 0.15864761433812638036 -0.13734399755203546833 -0.24252414659453500057 0.20730182997415075308 0.03763240856696330183 0.19073047982753071894 -0.15277029054230900629 0.14029866293080156536 0.22991405477095927523 0.19432569493710752373 0.03000495377334013586 -0.02651721391149623047 0.11862435481560584805 -0.00709796812908423426 -0.16634042326511375154 0.11080075007853605606 -0.01899100300582295953 0.24834105738876743885 -0.04601500235532632321 -0.11309218379983186631 0.28363894950245083226 -0.18280928236109600382 -0.04028283277401396856 0.24431764709365616506 0.15896746085561178075 -0.15012704248763683590 -0.17394142173147369990 -0.25181871325895249791 -0.14809725382480973255 
0.18711438048284503854 0.04716314241557658521 0.19694392769187693548 -0.14883002368073852684 0.18418714343516845444 0.09827444168967511273 -0.02426411591916112498 0.16533508224755988358 -0.07657105021250654175 -0.07392777854022349049 0.09231255535601759488 -0.10795034257362205732 -0.34944801573209222090 -0.06940791615590112540 0.15606723214531109667 -0.00649400138460588458 -0.10327630407085250375 0.18923490650871474528 -0.15542478127794645548 -0.21468474109445292997 0.19346515799036892447 -0.09953646244257778608 0.07826990880241339876 0.10094344881415909243 0.15049160912091993914 0.17024957150807720763 -0.21250366627097277972 0.06516605365877141398 0.14937458188689953231 0.01387420551901930033 0.04953824446262985320 -0.15357168113258001796 -0.04743371871507558873 0.00053478942261014732 0.26199890609369641536 -0.10869128385980567075 0.33892843811990391867 0.25588636914224810459 0.04710536984295981416 -0.22859111373257515187 
0.04001017207085879462 -0.23630586789504029466 0.12939723163971847408 -0.05585786356723226181 0.21347828531595094970 0.31412563331097120845 -0.14580825517673595693 -0.21137337486308502288 0.23523874626966082002 0.16217444677762188343 -0.07344832481961494075 0.03934132766872399517 0.01034336555849122222 -0.00077108293402794936 0.22126461207434267031 0.14435955531382888006 0.18924574352189438287 0.14734894027487033252 -0.11498526928549300530 -0.23559571544913518459 0.22621836824963453827 -0.02480945074773310832 0.06481386999809075899 -0.01083072330986531093 0.02993669860456375786 -0.13332012802598092183 -0.14171196904969890484 -0.01524195790871874304 -0.00524139086965678611 -0.11018326431254002462 -0.19723262009637790304 -0.07618984225978783775 0.09113037190648776154 -0.07230558821255111956 -0.28312726320921710599 -0.03655567275124926852 -0.14764571844652224497 -0.23729501842642380938 0.30214357456530066548 0.10664989222906742783 
0.28389135727922198971 0.14592379779822559072 -0.17390319879352525434 -0.02598143129274192720 -0.10095033226720276365 0.10157456170823579711 -0.17787678740973819624 -0.16290098473237904497 -0.14245462242185930046 0.20397286431777983395 0.17218094344264572859 0.14273428512076355434 0.24268101757761650905 0.04907660260113845541 -0.10095425776679647911 -0.04089900090864556637 0.18891506729153428878 0.12138412984500977776 -0.16297382295298709631 0.23871347131454484503 0.03879222794216412307 0.06923346589958276343 -0.25017149933640975279 -0.17102405872662360120 0.10409883287735510748 0.28413396756848791069 -0.01236369461726528722 -0.22779014805091904461 0.11930877554921789918 -0.18156233691481973858 0.12588345805623929463 -0.04054947562530605149 -0.07562582089207403602 -0.19267283795227913012 0.06338564633213572552 -0.22100080093937052306 0.03046079771687795756 -0.07698778957198010309 0.13482806703014210692 -0.20564268312316624776 
0.18856244448877190756 -0.08061166077347456382 -0.02312949634996902190 0.14501591839264441064 -0.15030730361492386504 -0.12264000488291552926 0.13910563671761944082 -0.16575360790550527912 0.13955285485115642707 -0.12459725539523275328 0.04691379893653905425 -0.06845257208710507635 0.06632833296932331979 -0.23899704505067131954 0.06725563620394713060 -0.00512042925752891932 -0.20463615895721948279 -0.03214491946126479816 0.26471020676675055538 -0.14332572243348176699 0.01513741450584767285 0.25943166317914045926 0.27088511640382179069 0.02447673777177336238 -0.03854132251307754858 -0.21042238765419168933 0.16112231865638845796 -0.31835511311197367545 -0.02204797786915430047 -0.08767808823289603704 0.08017206639157320458 -0.16399928940776128949 0.03512046009477912123 -0.26934766361037526528 0.14193370594365778414 -0.06368237515132443849 0.28271340905379149788 -0.19936840867926652887 0.16392669119401176436 -0.09917291914053646962 
0.13147516904334669019 -0.14709485461191235123 0.19904492178910196398 -0.15938290004497362995 0.16537394275890240913 -0.33240147567408712126 -0.13298021641083435096 -0.09388410004397222675 -0.17003188150461318040 0.24491925718229246023 -0.03220007543722580579 0.07142126564803014110 0.16962557643239375982 -0.01896296423442783360 -0.07402618544783617915 -0.07125330406539068240 0.21902667672489756212 -0.14550385235547155793 0.03905979837734014498 -0.19108273481400617211 0.06303513148663815457 0.03403172823867050417 -0.27638241694062892773 -0.00073528611547022532 -0.10790848400275203367 -0.27776659783639262580 0.19765291496221817913 0.20762030507930714918 0.07249327000734767656 0.22905723858130611070 0.06636018832587284311 0.03531582260883795593 -0.09310883708760178679 -0.06998916181562006567 0.07456574056341196133 -0.06851975063919832354 0.29547826813394095780 0.12668630771379987832 0.11230240680460633340 0.18481616612674914291 
0.01424808993401775921 -0.10111440336055044220 0.25605680848208767220 0.11005959982450144730 -0.03385057249181520900 0.02961372688984520440 -0.24707988604883676653 0.01050197962655448521 -0.24703490411686915285 -0.15572987031557880555 0.31110439487213847887 -0.03835593571698544396 -0.03370158857436020977 0.07530395954934077096 -0.24022901113513120408 0.28273402996059349146 -0.02628737146681648859 0.13151008377134287830 0.23048437910923794125 -0.00589457248720280311 -0.18048374123481464304 0.00530501181272661701 -0.11439807526475848087 0.16966279674505452268 0.02187962600957126316 0.08147337545980751217 -0.11008282427864375663 0.26054856016037036825 -0.35568379063242461235 -0.16594411203446898795 -0.01218416134161156086 0.09509001548188431019 0.06940225272725367156 -0.14535521534440581926 -0.02434764890246901570 0.15707009768176696807 0.11647957871635826466 -0.20591971067989944810 0.11492323005915057454 -0.06601894798913626738 
0.17426564081924519889 0.01498536656727789476 -0.08862707647220274820 0.07616116501349542989 0.03503850605792953321 -0.20822786983765492752 -0.17118410547883478046 0.28944227311442266570 0.11365459229159770305 0.00640014515759472838 0.33163140068741275845 0.20003042708289325846 -0.10626050182787571963 -0.10924472373901922273 -0.14238541054098252658 -0.15011081799837064366 -0.12120585818233411968 0.00465117770829824497 0.09967211432689861150 -0.23700477154491750298 0.01212054522608045637 -0.27118718249839468548 -0.01460493603753302075 -0.15662934145026707888 -0.47607170296050577152 0.01897636366138837419 -0.14452857942251287615 -0.14233530455505441492 0.01446450379508598671 0.06348037292180336300 -0.12557535340228209719 -0.06231858961513755957 -0.09496198027948919707 0.03171029557848868002 -0.18821248654515690402 -0.12125814876020710176 -0.17358206518143243224 -0.04668186889179351540 0.03904628223771389184 -0.06179619394092965290 
0.11058306884452473451 -0.29740581639161350891 -0.00190090761441774917 0.10327853151423678491 0.09416332712123860749 0.09810622249341530154 0.32225206161530395299 -0.00454602875972660511 -0.06823177985150997993 -0.07770372659955601669 0.06263144806604406534 0.10750367249763789768 -0.08429607264051458548 0.26484031270602181873 0.14104783049925567751 0.16908943748484531189 -0.27423563973581899234 0.12319791328017710985 0.19855130496067688317 -0.01980556059142211944 -0.28143658182700115322 0.06235275766238827094 -0.38478538704170223150 -0.05224818685503095084 0.04868372628898812865 0.02596564865768246494 -0.00440991593918972635 -0.10677212100164021336 0.25758729962726062412 0.06405851899918768577 -0.12756460346520515081 0.02672243072540338160 0.02849188694082600837 0.00061159558941867309 0.10086607488900196927 -0.24812133023310969926 -0.12032607376118314990 0.09190732870395738885 0.08472656355648065796 0.21388234267383351983 
0.00056677343024483836 -0.25613789372133694000 0.14058198973700952727 -0.18591087294715458178 -0.35819652742846608273 0.07988207998740781690 -0.19188871347727326500 0.19377349746356464788 -0.00093403143990918730 0.15341282048413845684 0.04010793629938134292 -0.14944565751002145126 -0.07281619097425569287 -0.06942312909318106018 0.12378685298655696390 -0.15799744764817308385 -0.20868078205908008327 -0.04950669772652653566 -0.30969490670084975914 0.05563938913990267715 -0.09083976957429118482 0.06418655585873030145 -0.19391893924146569317 0.15178004261308508660 0.13304892000916854200 -0.15633723710457747558 0.02023294465232429451 -0.29098781415604718648 -0.35024950225034701123 0.14079150043827809435 -0.13855356139531457837 0.06926628062220692439 -0.13190857114018428309 -0.01901960371527427682 -0.03151059226565524479 -0.15937476880232406828 -0.00362713020081588313 -0.04783134049990547809 -0.12086548112214037798 0.01796731469617002253 
0.03681713862823597638 -0.00352197568721392910 0.35033697184925005619 -0.04914905537288538628 0.11797741442316775351 -0.06870793512810323411 0.16559228382977608796 0.29277863204466508806 0.22552946191117881347 -0.25489860629720367813 0.19837289752672909726 0.01714874690131760679 0.00220280334571887294 0.01834379882144917748 -0.04698862529872791655 0.00626885916324986057 0.37807287012385121239 -0.19255607113365724725 -0.15096980123390607575 0.25463228566074669335 -0.12813042968406490596 0.02180894290793252907 0.09008658529436323892 -0.05126358115834933615 0.06650529455871842521 -0.10265081927310831800 -0.06128717973377159622 -0.07506797960445035778 -0.01213205843145082584 0.09116492379278770541 0.21770655840565655836 -0.02153066115911177192 0.31179826110192204736 -0.14679595046370599865 0.03118500356036378249 -0.25594553428976352105 -0.11997354882507271778 -0.03690934965888132552 0.07390800476147220410 0.03479945613632333401 
0.04947518375909089328 -0.27661864877688147057 0.03813056587584080781 0.16053578957426239970 -0.25551392075192003173 -0.26429363139929773485 0.08048761413195140713 0.14159774122013746300 -0.01904007365379851990 0.30174706410967155890 -0.12943334528395372685 -0.20984324864744738348 -0.16217291511959724959 -0.18377732454675588247 0.12096617838038895010 0.00025406235756169704 0.12279734896696575808 0.17076236703270514239 0.17815151869945120011 0.16140691259478207042 0.22509700523774905934 -0.07919873670952443101 -0.02332003126477726757 0.05367650747487025253 -0.08996656689824465702 0.20799405877925428165 -0.04474130026156732109 0.10367330835495566776 0.01812901578930719432 -0.28839323591520354961 0.26069899964345416565 0.05080414054582389760 0.14952830598699459741 0.18028625508334375493 0.00042889800211105833 -0.17017647687189607630 -0.04861608243261202056 -0.05508516878161307667 0.02200138340440328105 0.18704251643720049003 
0.21745609787965095028 -0.10934439091263213617 -0.19926748569356642071 -0.01956897866005780431 0.06504230871548059845 -0.21806683170354274059 -0.23352015835478490136 0.02496634234314122278 -0.06837433579072221823 -0.35381666090985564033 -0.18370135223185168893 -0.04005285757686691261 -0.06226539817341265187 0.02786231726642898060 0.04342063009686178421 -0.15749769511857675264 0.05295943467150539263 0.13356222438479120607 -0.01904327012935817451 0.01836024659593637337 -0.03021444622399380164 0.08800127104299826364 0.01384613875736144875 0.06129769359621049796 0.13661125304785454171 0.08812597446121363254 0.08288603047469468577 0.05333360326349016745 0.05235812358523242449 -0.12433842301738332048 -0.15584937602057394312 -0.07518019949319777739 0.18535497459036262557 -0.32957622820458493118 -0.43546160535369388134 -0.07778962102518133248 0.06877462244299285821 0.19216178938915523533 -0.27761449821832895335 0.14681727483047418703 
0.22138738971241553322 -0.01004014197441692804 -0.26573157258992313734 -0.10090288563605070982 -0.08539190041644181828 0.12567180974450734010 0.12595752520066100244 -0.01689636376764260678 0.32626399399212513419 0.13003092245142083838 0.11627056763361481861 0.01468670586871731291 -0.25752537038955447546 0.10730377571420156302 -0.20014727319222472279 0.00602653268273635467 0.04116507590797523208 -0.14127135007970542668 0.09676688312256549740 0.28040670501698433670 0.08118911655415900208 0.04968452704158995981 -0.04721809930639132152 -0.14572604338154113157 0.04351685871954317358 -0.16231170969714611707 -0.03610284049490555813 0.32571219341092433330 -0.11580366798320465560 -0.02408976788692539575 -0.32956817926768544602 -0.09781237749398027925 0.07366549711213207785 0.14070964683292161435 0.01168803414360737591 -0.11214610662796405116 0.34102372508519729344 -0.07897424482386207478 -0.07328218459556008757 -0.00441777193465952775 
0.23331217468034429197 0.19356927978435417570 0.00511258936456675771 -0.11119550496625470182 -0.19551762336539613152 0.09934173326731342291 -0.08407585953162846626 -0.04357506331003795086 0.04620534988258363784 0.06340413929288553352 0.24660822419758243740 -0.04352477545235792361 -0.06697607993850716868 -0.10543953917638546058 0.01735699469166663428 0.09077462009849894542 -0.10658150707797714452 -0.28773795945281716024 -0.01143789812631554673 -0.24913789053270762874 -0.18222089907836641620 0.21284091215661818386 0.04770410022366272651 0.13004009376447314694 0.19047385888972268031 -0.06845186250800920635 -0.06706226659791716949 0.15356062443990461941 0.34896532467673502254 -0.11911810231813821370 0.29122436441875310109 0.18647485372604960530 -0.03830454357615462740 0.20525309186714713050 -0.31191028087594069307 -0.02809558934172179390 -0.07188440425617885488 -0.03091058346743845442 -0.05276975161541628406 0.12810971046386343541 
0.05163541482266358756 0.03963824322493467861 0.06903594098527983391 0.37443412012334509331 -0.06416950572279758735 0.15520066163652954105 -0.23066284103530967919 -0.06331969509315926725 0.16640288704317962587 -0.07472328424610889808 0.11331250087134724092 -0.02571931931868044058 -0.13857668251101884493 0.04781912577436994022 0.30897666530116496553 -0.17060906377505724585 -0.06833690006452293464 -0.12738024589174318235 -0.12082145359214044311 0.08059800262443009289 -0.01436868889108001632 0.14867521162279456748 -0.10758729138019551552 -0.05691791129622256890 -0.15973979848594474507 0.14833767030939506992 0.38256873512231365231 0.32422196453280555106 -0.10038747404146308728 0.08958217281773081520 0.12002197327509379898 -0.26383157618696001512 -0.05361244639043491467 -0.02729726698310537894 0.05938596063712661688 0.06022144230150339866 -0.14472350737297592915 0.15186185423120779348 0.19234640904549876739 0.02303856080474254303 
0.17825240939431205578 0.03574668762310792558 0.15662701574326709508 -0.17495665702956547660 0.07184562794693875876 -0.15605546438310011204 0.10008325443779296504 0.20970673790244628854 0.10310585435289133793 0.09201373576523128039 0.10286300213233889878 -0.14209022165700363471 0.14456563126055563262 -0.03369629433031591514 0.21620013233154980470 0.24053860887978378846 0.00605643924043617905 0.01127281601231670469 0.18923770946177936869 0.31602347700205329906 -0.01059975231494024450 0.02717798379642769394 0.05099525701910176401 -0.09084436339741319699 0.09602542342206145387 0.17698468231038511078 0.06525142127176672413 -0.14349721029897749558 0.00866509343530452204 0.09185748411759427079 -0.13376689759749105235 -0.10497335176893295150 -0.33418112551044271141 0.03722173912769004972 -0.30265270795777698964 0.37731552009163488171 0.06836609254193243279 0.14159498123008004700 0.16959144181877475188 0.03020365223361248797 
0.08976357094144837845 -0.08332451229831391859 -0.11817698127894091242 0.21563589819226727795 -0.22994557563115738952 0.03002417348170006647 0.02740146980952130537 0.29730872897199889238 -0.02305222158755620282 -0.20950227459580891831 -0.27272590841417809759 0.04988966066514209652 0.13707732795218283139 0.14688060007081871206 -0.12792038533260527422 -0.15613342374096039755 0.19029620564692092954 -0.13929550824178993373 -0.01830868216606956062 -0.08137110107411693605 0.00216571197237199441 -0.02458981201320987325 -0.11730742731731676198 0.26418435501217263361 0.13631771134347556163 -0.09144692554251511452 -0.30445482811037466453 0.04644330152054666760 0.13091626318086263536 -0.02913173580363019599 -0.00762511683645101385 -0.31520824570441080548 -0.28364240928528472452 0.06352612384007300106 0.04465549561818692170 0.13135364047151082412 0.02818574499156416627 -0.12593196654723073924 0.26528582033308267807 0.05019396272861895159 
0.04415319349742136135 -0.10731653723991438354 0.13256824040530715281 0.03867092918859613149 -0.20360562809803753326 0.03739957624774995631 0.13722734707668290954 -0.06045745162488557617 0.12158634069285531587 -0.21103629296354886602 -0.06495721414365285273 -0.16027739267440949122 0.20999518587538240633 -0.01720981001389719142 -0.12754789538953334449 0.25852005966131458292 -0.21981874260751618766 -0.20016749832170296908 -0.02425705423144488074 -0.07280490787751023318 0.46165901357991578902 -0.24537790394852496134 -0.25195065841188712952 -0.21395004322589453172 0.05870684155622719197 -0.02500138912103859468 -0.00453519213482520608 0.15606295134316627848 0.02918391773695771380 0.04470540309831043391 0.11047821707804479641 0.03275629204538124672 -0.06508323709417328240 -0.21785331399724766621 -0.12253459610846711980 -0.06130074279468221421 -0.11690893781797409567 0.08330615901632630604 -0.15716402249667599245 -0.21949482400908434943 
0.09880217147500720831 -0.01135030609020801218 0.02763561021963463135 0.18793410693720502547 -0.13470853538998020515 0.12148897290165468210 -0.14289536448816261838 0.03410075440239728611 0.06375290128668634204 0.28296918304713336578 -0.08065829849997065149 -0.06191214108047873865 -0.25153234094273357879 0.16512897499167378257 -0.14946613828001842350 0.10549849305865545424 0.25380332499026281301 -0.04957140192121204519 0.24446745118322207868 -0.16995752476034159395 -0.07083946723893146113 -0.07676414055727125152 -0.09535111552796234069 -0.01914830814587957508 0.12484295501214165425 -0.13524986547819947691 0.08261422558436137820 -0.32602469601957939638 0.03643246740018631080 0.10381428070781281714 0.05962634082749306008 -0.09855626915544726807 0.29469774658833908232 -0.04324992619756602014 -0.00924888258066720176 0.28033748636042016278 -0.07537618784391467153 0.31048961083060389043 -0.11280174007615163811 -0.22493149709883875076 
0.07973941196141506871 -0.07323710999469695837 0.28299859075870076319 0.19867251961017090567 -0.03338159766617540547 0.11735793731406776730 -0.01867398395329119762 0.16429997608333163361 0.10990001015614195290 0.02164137669521971896 -0.07849586115896504956 0.44092082196422127671 0.04483701854439098300 0.08356614841697590501 -0.28028318887329811693 -0.16679036018352191850 -0.10594737253003191912 0.17710608532749094746 0.07310268077099588147 -0.06126938246116191145 0.26780840783653325765 0.22111906264928815613 0.20609885144057571438 -0.10310053198179393308 0.25323067414963623678 0.20763004442082289014 0.16040070181387405812 -0.03713088845598343235 -0.03619582820457492578 0.16240658431358179214 0.02119220393291661522 0.23509075610005267243 -0.06217801325823883729 0.12504979500153273753 -0.05928958544584411738 -0.00594580268411432945 0.08631949974543284831 -0.01602941164871241053 -0.06174091329205120410 0.14236320072304728401 
0.22138276673911477799 0.07444363850252024017 0.10066210837167852143 0.19164943812563778325 0.14524655068556921456 0.09283488740987025367 -0.02830575909683751001 -0.11614576337369980630 -0.03144531091010106805 -0.11185853148951208080 -0.23177820570266438605 -0.13465895923120330124 0.09779111395747459856 -0.38608521033244674880 -0.08150285512735053195 0.11221007938982131835 0.07619790909744617036 0.19458227246737710980 0.01393542583063995914 0.07156013022445600891 -0.10937317048998909663 0.33230894514522496541 -0.18053041833923141879 -0.07160139489146252756 -0.15838372370719161486 -0.05586016076816688325 -0.25496475215549774251 -0.00258445173024192919 -0.11575083218629733661 0.28254625596787047437 0.01637876037090438622 -0.11002535715776684544 -0.00099298415597469381 0.33169778098627861196 -0.08504450298427554400 -0.11185177327033639372 -0.04023982014791038786 0.01206655499204383961 -0.18124313192174631992 -0.13808218873996502829 
0.02938390328788080194 -0.21674334664995062449 -0.09744477106991203397 0.00221763695149005541 -0.12994239193458617665 0.30353766951010985320 0.12686160242029170808 0.07243713218820840849 -0.03011299690479544988 0.01990274606951541667 0.29003420082740233310 0.06941136833456724997 0.43262150250740033508 0.13984797183087896433 0.12830604920209148778 -0.04347724723460779511 0.05290737294171205668 0.15094616391060652894 -0.03417753700611728118 0.05025741470629441210 0.09799200139200124615 0.04980253128040547372 0.14332156737848936179 0.26290962823225505485 -0.35340935762254188646 -0.10611988849097352128 -0.08970137047856312218 0.03954500248877513419 0.00773157761979037430 0.00465658515510002265 0.10629668950608427147 0.00666185034671933508 0.15714488112910293682 0.05248505512166273812 -0.08528678818829829589 0.07760450357727885495 0.18573755057938654001 0.32925229104938547042 -0.15789088941672668742 -0.01367178076642833889 
0.21451697816397052865 -0.00943866135277146058 -0.05298597661384079477 -0.02020279363276812623 0.25298042085576483151 -0.04498146527962495339 0.26581177144392414968 -0.09796471043750476504 0.17711992840453896769 0.16319709388475803213 -0.04953559391207979640 0.21984963298857868041 -0.00543032960983991578 0.09538756319278623996 0.20582155115892147856 -0.08989048375307934213 0.05669146136412867021 -0.16002297459601713681 0.10702707048701026737 -0.16013532104916389232 -0.08145424827285742408 -0.08366293250322003050 -0.10514267427034491853 0.25381604834215065747 0.06185009638931427550 0.22246903509575535751 -0.09823330076722616711 0.02955018272972679758 -0.39913836178727168935 -0.00497245399585160251 0.26573579074958275648 -0.06228466990782315083 -0.15398782925527892962 -0.13005594502951936531 -0.02443891117269855057 0.02245452575852001018 -0.04159782322302957303 -0.14726244157361340070 -0.33392992276303506971 -0.08174086397488228295 
0.28779500255965151378 0.19431421680946317498 0.09262002023194998435 -0.05816237556898906647 0.20117476647545595725 0.00770315517102146668 0.10758600938718348994 0.01757918197303284455 -0.00738935609240374061 -0.08493956536235977572 -0.01549514368979582404 -0.18340825127831253405 -0.00793855879919601153 0.21536148346636649342 -0.11217959677821322251 -0.25289898268129340497 -0.15877996263165661261 0.31472627652143192467 -0.02666840288066357756 0.12663794928256102978 0.11635989092584994586 -0.17158064822958493667 -0.13997642217534794762 0.19109575739912526560 0.00187790788662224248 -0.36575875640542132583 0.31696505615602882378 -0.05104593678521748140 -0.01587940517262921569 -0.17591748172461676991 0.14964807854116030095 0.04210782368742969906 0.02424524624888382829 0.21587229429817333948 -0.09228350042011068677 0.08156738675554706108 -0.12666974104563977210 -0.15523563974360174433 0.07213282753498646838 -0.10429294709897964089 
0.11356377334262511558 0.00638583268516658073 0.02293062626885644315 0.13776551417530066845 0.06840375178299856751 -0.00392304422859313107 -0.01398314414392466329 0.08464914627835025407 0.03838836460596384281 -0.08774086968290423227 0.13486792045881557112 -0.20309482684398030838 0.14210145726638701014 0.05068311708075948219 0.00663368272866779116 0.14061392647898798836 0.07372933852155366674 -0.07215310632405699809 -0.29378103886015966006 -0.22700943997458253309 0.02960755925102766598 -0.07287391195583689529 -0.13174231327475521836 -0.15906673118215167162 -0.04717237958939871773 0.19492998891022850216 0.15339698887335770361 -0.19315369604753870880 0.05427763743546356462 -0.10526802879382779476 -0.09603089848860218991 -0.12066644639739984579 0.15363729480665355709 0.19663183860440569539 0.18305959612910979728 0.24411570631632775741 0.22559128235675995899 -0.29637780975957384033 -0.31116116772666813084 0.34233154183610381427 
0.22413193812572740349 -0.00270845820108420957 -0.02802733773341721871 -0.02874034325834460765 -0.25032645842702100358 -0.21497386667379045355 0.15390347955693581272 -0.23194184998228636885 -0.00695484127034829563 0.02950406003432241159 0.13876097034674014785 0.18201862063583723605 0.00232757082090010239 -0.22752676788756734383 0.01037824395977455724 -0.03954874834431588992 -0.05881383860042690981 0.18162249424187196234 -0.18819368556331267373 0.06284567584599651258 0.00558669378285837209 -0.18230935463644457051 0.00670651730667842956 0.21345966240511304868 0.15394446316045043432 0.06926379413249533767 -0.05650254995544144732 0.14748900984842960860 0.11075478318915889242 0.40588858458852028477 -0.14628925639682749393 -0.04296762314454018183 0.30972914994374256548 -0.06717606972602054027 0.09634278966075693340 0.28950778353585315816 -0.18317099970873823578 -0.11243566678393757119 0.07718284409731560047 0.03086495273366096637 
0.16694713114288367573 0.05068218678375004116 -0.11605644557978045395 -0.15323919674613145636 -0.02705157250937648139 -0.15416896706212093737 -0.12827848966910626594 0.20022939605498751847 -0.04843761213927597759 0.06979391297482323564 0.06795856005209667539 -0.24702458748468125727 0.23999236459264622345 0.30625247163416979834 0.16642069645878829198 -0.04681214334763565688 0.00402316643857754137 0.09142898122542968131 0.18825422488994789094 -0.19885722457786961237 0.11586320817633301294 0.29693580249408274563 0.17533888812468073626 -0.19808458179828442036 0.13426922231443202960 -0.04096034055562281645 -0.11441397408967185489 0.19106175651645015967 -0.10106406421298000375 0.10675728176641008371 -0.10066997163859828235 0.00007992192492561195 0.08298036051822225978 -0.00106510143200105878 0.29470926590694263014 -0.04977683683113814234 -0.36086055406677580715 -0.07488956858399212213 -0.06948290978120924555 -0.06762696422287155229 
0.23489729870214620666 0.08100868436409135176 -0.08664391936555589091 -0.11471338592321034255 -0.22457572355137589426 -0.13594046515641039496 -0.07789542425999848585 -0.04606278652237988380 0.22951122728496825554 -0.26335551768318948840 -0.20998104875183473683 0.23560185428219893033 -0.09896186329879734511 0.09344701615573290654 0.18149383244070077525 0.22783349109091804996 0.08878332123731721981 0.14397543986968386331 -0.16000815609223814628 -0.06419039328481793150 -0.06420163164190759164 -0.00562544454989180251 -0.06038344376613614950 -0.16956323778983764528 -0.16148735568120622941 -0.11875188072897541192 -0.09991381666538112771 -0.05180928690127620945 -0.21489163838104297088 -0.14894797507227020006 0.12900157678686430263 0.38229367376671918866 -0.05283262429012954009 0.06370753472461947176 0.18392697281095118922 0.16049613949994678830 0.05573939697991082270 0.19487080781469934276 0.15044068987688910544 0.08029061205184583050 
0.06629516033835776423 -0.29439170594012314952 0.07874862385985857693 0.14131631996627153081 0.11041042446005117084 -0.21218801848677384947 0.07100989961036863196 -0.38993393901917033917 -0.15642271794135961804 -0.11049840637669773591 0.17761137377847394103 -0.12796259544282584386 -0.10048454869118525479 0.19910289434004360687 -0.02721830346759440342 -0.31230416148702117018 -0.00691164962293648252 -0.30053451917788187586 -0.11231237965218540675 0.06281994843800964290 0.12233913548345566602 0.10751223599496939620 0.07618430229525341435 -0.13388102791797840130 0.04554244512225526231 0.06158589444093578308 -0.28174515951360928900 -0.16592470710479179097 -0.07546152636658849666 -0.08113930042355292638 -0.05358133723112311342 0.14298714729255465605 0.00955259877248968575 0.24053246832087704643 -0.07320888290696805911 0.15363052565433532592 -0.01998623497512914959 0.13148925770511332711 0.11471782967236346384 -0.11196406161396557644 
0.02611292162747898965 -0.34429192278306475217 -0.14343533096526744908 0.15309823159652072300 0.04814425786630427417 -0.15011089016814072039 -0.16998311008859362525 -0.08796506491092410951 0.24968855584731475261 -0.01124927476799117421 0.00044951481715414191 -0.15664821846553472762 0.12415278242438103351 0.14136868718311368376 -0.06940905281031492513 0.17794073083318115436 0.08288601504363754535 0.13254726094300911532 -0.13450359382949836351 -0.02288126941178018556 -0.30675219132149444956 -0.25310361469348957586 0.27741911185792528238 0.06951684651821778138 0.12408894314259907854 0.06480965165081267743 0.19263160652465757816 0.08208041207027666486 0.11738666587574189681 0.17958644474747209596 0.06924555407085593306 0.11007387850138261598 -0.20258119489425863158 0.18584857633200546623 0.00305538204882357944 -0.20120641242336040344 0.07721323929206028169 -0.05951080620309606717 -0.01726017230667302449 -0.28483637916048654137 
0.10662547662220449307 0.09697828560909108053 0.31296017654881214121 0.03170061897896322978 -0.29601145180206384078 0.13940350268538029277 0.23328477455089999260 -0.19345355976414549404 -0.12531499248727792639 -0.07641894081094315061 0.08145189986638334823 -0.05422774232032048086 0.02088130782032108362 -0.08957095253999150519 0.07170034172863776201 -0.22425870793503108191 0.34796738631012158471 0.13878347956992739820 0.12638934648238953073 -0.15239323489982409265 -0.19887169219327621716 -0.23440492296105158720 0.13644130838652154813 -0.18634963473671986578 0.03501074774272765894 -0.05103466979851829788 0.09185799868296615212 0.09230223035810850019 -0.02619417871201071973 -0.16324097946952370597 -0.26802351267370877475 -0.01570867005929755394 -0.27813323242358523046 -0.01342102526181709193 0.02670032644439501029 -0.11237082716500311486 -0.07368242112351341966 0.09382308393910833433 -0.17516618564819869119 0.05466107750047195790 
0.20275563957984280017 0.08231502469003017242 -0.09656564216015336988 0.08603214120089544559 -0.00418322643423701089 0.20352405893785885382 0.25074483429003069368 0.14155532785138566498 -0.14628402722189198792 0.06569808810145798261 -0.17430737672671151040 -0.32850553430800527588 -0.12309030299275007525 0.07228241980022460933 -0.05601186805967775517 -0.05797240710720195922 0.11769255539075322570 -0.10498394997818621954 -0.09882923447714132836 -0.10085106334869380074 -0.01770700449081501898 0.06544579452819236642 0.06090905590252936042 0.05982108152284603547 -0.28107672672132977265 0.22553894315175698759 0.07991028597323748817 0.02578712241713948528 0.00876396502093376023 0.25472435427003553565 -0.10340971977922991387 0.44501659929427817008 0.01450913563244091500 -0.26357704847858715036 -0.11663202101521383258 0.00670662029130530274 0.07981226488563242238 -0.14092311290863213102 0.20163259635458269381 -0.05117708312393937087 
0.20942619830605960218 -0.20842842127946500930 -0.24184347519418983308 0.01825847286097144473 0.12965297154818181125 0.11143589501557944754 0.15475366168763132757 0.07083836114948502405 -0.32325651931490223534 0.09123295393645600160 0.05379610422038901690 0.01781416495369202851 -0.13791771123885993022 -0.13803535775353348303 -0.27088679224650441535 0.22101688481070952408 -0.03254002943899054340 0.00498610008386934228 -0.25385249908219148507 -0.00039904781259026550 -0.00067379639808269262 -0.00727493725063986865 0.27945349683151771147 -0.16781405163041848705 0.06850228844308957343 -0.16543336495664406893 0.09562530800762314431 0.03420003269279574959 -0.22200624581981973082 -0.03608613600139836536 0.20102118813017455512 -0.19673720024971275144 -0.17492685205662591996 -0.09066856038011095187 0.03633159927868037653 0.05280006551180024821 -0.22202429325888783929 0.15609810946447807978 0.03061500910565245759 0.24064442389902418462 
0.09013713417227713076 -0.15108203928564825635 0.12168252070101684414 -0.21379931312792341269 -0.08701637584696816918 0.20345335768424982481 -0.18965709969941396684 -0.08433227611647627076 -0.11154539098998503266 -0.02487058217456899339 -0.18689370062196747346 -0.00405319226658864586 -0.08368452262442312162 0.16892537423851969325 0.08233127053398198170 -0.17545328253823827547 -0.14867560111981006910 0.01852007669374471782 0.14087954816534475899 0.19886977635018596167 -0.15583250185145441913 -0.19145514174207420299 0.14468421620599758448 -0.34163340036695971635 -0.15316624861942695901 -0.02529330694494491896 -0.18405379986881204024 0.03365140756884386908 0.15174852271937072645 0.21505153432456541873 0.34386334754463970809 -0.11989513654078100269 0.02035404408309302721 -0.09265568857686777571 -0.02396622327959720827 0.15433120652106763204 0.13018411701640111855 -0.28202697173520258067 -0.11982168222229709620 0.09855441899717987120 
0.10862379373364620949 -0.30836037620061762521 0.10432860810760734294 -0.40945557236116497668 0.04308820706283557345 0.12112584433269453499 0.01769587277726110755 0.05100004376034567022 0.18181512781880729279 -0.02038358402598862418 -0.19370617987327376497 -0.00107071337400935218 0.13112462122957416200 -0.20921843971623291236 -0.28214905731310241377 -0.16230169528153209901 -0.08156095461682538739 -0.11399143214238818822 0.01415184119239325071 -0.08754581450412615706 -0.21909816487191136058 0.10078452008634153358 -0.04350862918184746075 0.01335324651883906984 -0.13761055411681286098 0.27258884319256954099 0.15499284906125790351 0.08846562132843628634 0.06143283705663671324 -0.28224949878140059845 -0.08386042680107806679 -0.05705119965228593742 0.13109631905532850848 0.05729220673663884544 0.16562101836771739305 0.16747806199699544205 -0.16620850090392494391 0.10429121942776252430 0.08916402070449971906 -0.16811512996328578651 
0.21536840334286089238 0.12165173681120672322 0.05795314442079717299 -0.17591826021514989087 -0.07090730667914817154 0.08507002930970153365 -0.19806406569528300921 -0.20390336578192388983 -0.12691053600897173048 -0.15981522464106101555 -0.11377396815055756951 0.00970065392131318205 0.01055203211117051662 0.13681309821999929066 -0.05780317645710490726 0.20996978151895606679 0.00429396698296211771 -0.27060585166325007433 0.20366204708165533410 0.10026251777959051259 0.18271405883155558691 -0.17595004489644358592 0.18960132336136731324 0.32980499298608428882 -0.13019393063426085155 0.18921001698400846669 0.11045118670051728982 -0.19066029856236563211 -0.10573186319126720578 0.12813674655113749257 -0.10413595685680064606 -0.11167661062044803577 0.04079417493877893902 0.20864599124665939023 0.10597635252617379487 -0.28712388363586072160 -0.10602790727691394079 0.07133488739413297586 0.05291151298188413732 0.21550668725238103507 
0.04929854619456698617 0.01967199154747806961 0.30212210667528843766 0.02284395937218410347 -0.13542435842162503512 -0.22990443805547841616 0.09595889473162912131 -0.00745326090634783073 -0.13009105409721594127 0.16428072540633348320 -0.15202644028409156851 0.20483733134873338688 -0.15079829571183911430 0.30123336801213063119 -0.00482171575526722275 0.25838741093616895972 -0.04982485877958890003 -0.01905166036278949093 -0.28708140189046915669 0.06195922924919859687 -0.00908638080559146660 0.25958524147742323418 0.14562980369081993115 0.09011097408076708393 -0.29829975151843168835 -0.05218392870170367182 0.03648899207246024401 0.05892088690969325693 0.18425184312092640626 -0.15137684724435657158 -0.14991038973033510295 -0.19521978193601502438 -0.06204561987908563392 -0.05379112813057747300 -0.06770517228534678189 -0.00728100174466704379 -0.06389956919318079409 -0.13174150223418812367 -0.20336729870904324269 -0.24828042710045639119 
0.21286687407694523944 0.07791888281361442070 0.06163943445390870218 0.24299101953119861541 0.08940953624907235775 0.03107768984512477781 -0.03834729801795629112 0.20164629421579952084 -0.23808886454121921950 0.15573396380779799819 -0.21169783923002871706 0.18186826580113990559 0.26307438101875224579 -0.11037986856944191627 0.25698487719240403759 0.01372657705166447500 -0.22119251473149809106 -0.27030963315488359955 -0.04357770314843548154 0.05242735834990117083 -0.16880181613569297805 -0.27031548822793521891 0.11545503533265923102 -0.14142855476643512169 0.14865387884536135354 -0.10315429080875597456 -0.00641026682550725757 0.09508566703660427388 -0.10097369382460602560 -0.16113096082792843777 -0.15759833739368339645 0.08067157769999550032 0.29901589448239684899 0.10977947962882772526 -0.03953503620622350612 -0.07376794281670524811 0.11534140209200899330 0.03627451752499560866 0.09871724862249044163 -0.15663251579117731804 
0.13160766047400102030 0.12392426666160316628 0.16911796460241820816 0.25105205231284322132 0.15488104336613095491 -0.00611116898292628739 -0.16302210985366444307 -0.09201011878564792357 0.29780136218379482660 0.22779593988468183063 -0.05015378226469519723 -0.19420540123289622980 0.10943723461802055963 0.00334201058679334511 -0.18341313797270542008 -0.05323613506038758075 -0.20443740863632275939 0.00127525938153396278 -0.05038186816744798235 0.19689094443699767245 -0.07993649516269238364 -0.06171592522079392268 0.09613715744944470454 0.15544950742319238457 -0.05241282352172892123 -0.07621897948776416853 -0.29096969541173839380 0.00774348430440927136 0.12166846225480885957 -0.12509683962977163896 -0.10068179119826080326 0.13501946086858923612 -0.13245880881139224239 -0.31016725542228784640 0.23949083065997983644 0.03808314540428932998 -0.07715145983775861804 0.18273738848913947952 -0.11695732842515783878 0.28804792455716127231 

R = 
3.44792797155261121489 2.40075416402688324169 2.96577897291707692773 2.81896685032634319867 2.54298911902388935502 3.13669088231081882867 3.11561638685640751589 2.84842846533752647176 2.71183978933104441467 2.69711396437034167661 2.26722960194825962077 2.93061115208971489920 2.91027201390793122115 2.42376209847436552280 2.79817471682220020313 2.73826778746640053797 2.56081947046169444704 2.72202065490217393062 2.31835985514401921037 3.05396082804560631274 3.37340456853293169104 2.44860676840289892553 2.68217802224660450960 2.88262530339729350359 2.93902258204518540552 2.83140920291641551287 2.74812527653213178880 2.83517559981374667188 2.55029532035314865368 2.60678658904467752677 2.93258577728839719967 2.81052168353370657172 2.58004195188044382903 2.72871334524952491307 2.69834267592724952323 2.35879453654229864767 2.35991049321688173279 2.22895008122675752915 2.00544779909213888303 1.89966597079060606212 
0.00000000000000005551 -2.37323913352547677391 -0.87295444376560071831 -1.52868466987569506799 -1.15774258030134813424 -1.31472306378315573205 -0.81755088768426920076 -1.76603587534194939046 -1.24315675764446265106 -1.18550034224389055915 -1.43348716536382925213 -0.89555464538057782953 -1.10837750066608253796 -1.22951283248847231810 -1.22118636168280070287 -1.13223366318879259396 -1.33818326342238336224 -1.71406316833142557954 -1.42821069684515888909 -1.23467627805647306438 -1.10649629139203131700 -1.33653139924821062756 -1.18695060760098392016 -0.90392378923219940390 -0.80198474986807177789 -1.13658051913014923606 -1.19697917410349807810 -0.40329425866838519710 -0.88172612242611680955 -1.13994662576280214594 -0.89172617483917437919 -0.81466772123377872994 -1.03781536494690662664 -1.22996222099607988021 -1.28346950562465145218 -1.36774052724785355473 -0.87211506277833095169 -1.13296754441425484572 -1.20930703319128673989 -0.96516911823798334780 
